56.2845293958754
56.721464530286525
57.06496901766563
57.35888579937985
57.74660861555968
57.99087796230056
57.8303674481278
57.01861291032776
57.0984868452651
57.270041959005425
57.52016298888746
57.28293574993658
58.20811230448355
58.319315867972946
57.73290966366601
57.592761433628695
57.040451201591075
57.10382524307115
56.75351906020434
57.29092792085451
57.56708883205208
57.59781623501143
57.259594778526264
57.328224457343694
57.17612121388355
57.01868002211584
57.041937415823746
56.485614173233124
56.29208791686464
56.61609120339665
56.73191550187139
57.23142044093921
57.96359974472257
57.999795515230595
57.329732560356874
57.04051669159382
56.574481324794235
55.9686503545969
56.56782826136022
57.34640829809837
57.6093344877371
58.185197880730435
58.52151454450488
57.936590805502064
57.06999371347987
56.80048824977102
56.63465601983474
56.78013379684872
56.95973927588939
57.5256742836891
57.53502004087765
57.8370906340654
57.57478128755283
57.92854847897786
57.60843177955901
57.98766481372113
57.8525153008505
58.357915515141386
58.533739478379324
58.57022788743198
58.228048424722715
57.53440021336312
56.764852828523374
56.40076576463389
56.99733321545737
57.24377699939483
57.37268613661645
58.0068258696992
57.65856370512404
57.178955793264265
57.037228021934865
57.19241312820027
56.76795183810471
57.564080883854025
57.6054575330765
57.178823353897066
57.10507227669988
57.41773119716688
57.43653225037889
56.91701630154169
57.44882499766645
57.61890854979272
57.07022708239454
57.078541888598224
57.86014355885127
58.19341536483373
58.76745854965252
58.63811951762467
58.630441668008004
58.112982985172536
57.66714399915994
57.213339410513285
57.71721649495968
57.70578109534411
57.96956354231603
58.20246496114428
58.260326478680916
58.49097745043939
58.39220492871457
57.89766045253064
57.78230204114592
57.25620410351115
57.36207653286541
57.02970141097338
57.614304014430125
57.66843415162407
58.28750676134588
58.11243664418856
58.31592523306142
58.59613228894591
58.40671602008831
58.44891143686376
57.940259768701296
57.878230147816325
57.767589683687675
57.636673701693304
57.09104173998941
57.71792018878758
57.67049455983533
57.40169612134224
57.801872993056634
57.68721961878971
57.399621450825975
57.05475765827731
57.377536870617305
56.8359226457326
57.09331174934457
57.45505482565049
57.52937575437566
56.68702567494504
56.86320203216627
56.58108951097101
56.149605104949934
56.77077387441117
57.48619459402223
57.72436491237888
58.40904344907371
58.23086367733204
57.444625436649424
57.16640803438111
57.32407191912036
57.245631990930534
57.42214787509395
58.014334133520606
58.2553248999926
58.12404370371278
58.37593725897566
58.026369277994306
57.68917461367597
57.066336539000226
56.76406907270226
56.37892164904908
57.17640158285767
57.24140037933599
57.621466527811414
57.88818415103417
57.971802970002656
57.256445633291875
57.59254446477881
57.634405863431105
57.647552250213856
57.9592492576802
58.56371063392976
58.446002757739144
58.074421531080496
57.8655301159212
57.8734295526157
57.87495170743521
57.39388396284435
58.10441759957324
58.238394956420805
57.61861387856328
57.30158884126543
57.90734377750274
57.485013565699056
57.78612916952816
58.47673825890572
58.392200452690716
58.60633653829349
59.04260513316471
58.42745349351886
58.05618791413159
58.613014922806165
58.175813722647035
58.04789937029426
58.126184648420825
58.214324234446245
57.441103607554965
56.949903245960186
56.65450267610743
56.469685088611435
55.90685656031112
56.57545278102267
56.95343643218585
56.57506728835841
56.59285014695773
57.22470106515591
56.72286790981692
56.78259279306589
56.86968192197302
57.13641997912176
57.24695259611923
57.488303977026206
57.546504570558874
58.255602469145515
58.82701121101157
58.769950311606316
58.246563988464345
57.79702615905235
57.54889636507411
56.706900238892345
56.287386531409894
56.9039717794052
57.22145633111031
57.4000643151159
57.298300833889265
57.89307322922334
57.70661964778516
57.75863474505112
57.14201376881815
57.248000836217315
56.802974189484644
56.84928043505988
56.96071204347161
57.09842823591349
57.74637633157779
58.008639757170386
58.18301770114508
58.40591860796436
58.325470361996665
57.81904947212077
57.52118185913031
56.957366931071384
56.54331559932573
56.52600453228674
56.34634979266288
56.55207278906538
56.82234724357456
57.18698372586027
57.381272552171595
58.13968447676821
57.868696693171955
57.848055871848416
57.251233462677234
57.236586108006065
56.61465329691016
56.63993565783635
56.677317379972145
57.1734925229778
57.65023981308317
57.807812155516125
57.65126133890161
58.11805368808037
58.15603685341549
57.48154251665678
57.955294825488544
58.342446820752116
57.80957137832387
57.982617806308475
58.6265650671603
58.17134464373815
58.40934670691227
58.844089121566036
58.318884178662074
57.75463401147094
58.04004686091001
57.136447949310764
56.9480687971851
56.80608500051481
56.66682719982574
56.436940751278016
57.11229866157074
56.55510486111041
56.74684522535517
57.13967771038515
56.91129406024263
56.761456172743145
57.3956699100091
57.59018669760836
57.85815508584284
58.612819823472044
58.95970104541054
58.73117102092981
58.211779331100274
58.07746413323518
57.65689800628276
57.62128759221233
58.028591717295726
58.46938140276916
58.58318527970281
58.42807551219797
57.73069566186788
56.965240651962134
57.45058642373876
57.4190676875417
57.49444014775507
58.12236448671818
58.70228785419364
57.97800253133388
57.69727389011473
57.55906020751875
57.69562820701257
57.083314495471846
57.33736834805825
56.92976045136051
56.70740160745869
56.07795627925016
56.48315945922942
56.61281592228022
57.38064782679362
57.3439596251266
57.137000997825126
57.05429713266428
56.508619441935096
56.147877816994935
56.17829827606778
56.95335780006552
57.24218228959175
57.45776800923077
57.277344533292606
57.20770886479672
57.17520983794985
56.5437621478941
57.19322745675178
57.457606974413736
58.25223216874697
57.608964965548715
58.54377058871952
58.06761664812991
58.16894195860775
58.236486397140666
58.34239542557789
57.48142311975522
57.886420454837186
57.27727143297748
56.44582015575848
56.582269299517314
56.81344529790823
56.50100756296267
56.50659709126084
56.55536694501088
57.07993849896428
57.07827593428698
57.043967823047694
57.34837385787986
58.132946058953266
57.89874032196601
57.92458609806437
57.936040989243224
58.00794109957322
57.105546428314426
57.08539658502917
57.02829606711755
57.05255808877253
57.041589079695505
57.36788263942117
56.79094587328964
56.890961863862415
56.916714070392594
57.10440525500633
56.888884671066805
57.49532899723969
57.377716437698794
57.67731762215931
57.581117058905235
57.635542519348846
57.4797384044492
58.040790573827245
57.94805079198936
57.544725137011994
57.36654487912479
57.51635448627879
57.548702553429756
57.16800693803609
57.73293266931647
58.52252060495184
58.67320972054331
58.3121246903642
58.12934387582804
57.524902251056574
57.08302558417587
56.37380683788898
56.32585463629622
56.67594218640643
57.1606529386077
57.13083719191699
57.46541963546669
57.508150462632386
57.26372934975537
56.775304769999785
56.95608058061801
56.75149018390905
56.96968862443002
56.85071858122417
57.80488080516062
57.90852811993385
58.134205127316
57.70374593643713
57.53666782158982
57.39688724056447
56.876597429276536
56.717748555062734
56.6704451641132
56.62812732440595
56.10465349030604
56.881841147826904
56.799717231398745
57.24849216022169
57.24759988968458
57.4053294382213
56.75528035792373
57.04385167031869
57.19134853132074
57.66357422418857
57.2197445675032
57.15226211142883
56.973757850295875
56.25356232854773
56.71025999395018
57.35316923283815
57.64010164090562
57.56063730717059
58.00829920924377
57.162478491447835
57.20805656772204
57.35586283186401
57.49015348463736
57.77965981850233
58.21743628324792
57.88169260070432
58.188637289452274
58.36796513211412
58.10072916023829
58.31518683937547
58.262946034181184
58.36269007331657
58.68318171327805
58.93012806298351
59.10716024229481
59.40004002924248
58.60013361178765
58.17365208419319
57.700304093001456
57.33112972884877
56.91001994157087
57.594325441060406
57.87906762365674
58.46436358134306
58.6458601381933
59.26434702694475
59.348555010590985
59.43940782302927
59.34080563041217
58.93953457653781
58.72335575708611
58.18915470860604
58.16457226023423
57.90208323878401
57.9039066814173
58.21494474739696
58.54677321583872
58.01614066480647
57.418676697968706
57.359802062124686
56.44691727100443
55.80695266918237
56.35278006467106
57.164722001082325
56.86354683886417
57.46796088800279
58.14041285698956
58.075392119789385
57.784103202668895
57.86547068874347
58.05038288624735
57.76200526016038
57.36882827150758
57.04705252675443
57.854738874442
57.747386031647714
57.827911323259755
58.05621998520697
58.645194545908055
58.47198696417961
58.72505975775444
58.4235959130192
57.949347960633006
57.28724136175655
56.95778205866354
56.98319859500439
57.45359482274872
57.63804775938395
57.562161519480455
57.495280646562605
56.515174301392655
56.0945420505843
55.8005750252028
56.09066572083141
56.619010529018155
57.240081355815164
57.14422564089489
57.28515946742997
57.10731746673075
56.62986051183501
56.19330382251444
56.37442321132225
56.799921104903795
56.942816690637684
57.32391952784394
57.745030076660626
57.50228336255954
57.23336840827666
57.727771206505714
57.032261021056115
57.272833460094965
57.48182979750743
57.17449058847658
56.771457747179056
57.50416326062073
57.25167883404394
57.669205627517634
58.51365947634214
58.66587907096857
58.774496033278545
58.264086217048984
58.283684046586316
58.30235906596888
57.94588830990206
57.92230834400981
58.3457514319314
58.45326309386098
57.930844935936975
58.583186891753186
58.021450984599404
58.03899395717019
57.853535696036865
58.264301223561326
57.604449912831356
57.99779434832038
57.580403312480584
57.17993027869537
56.57329666934188
56.716912318254366
56.447803842728455
56.61286724656543
56.81842361628644
57.10689834679116
56.86564157002982
56.73922235475764
56.6400120668136
56.51210084672007
56.70979972586882
56.92113748285342
56.65654897040048
56.81943827103496
56.78624167953988
56.854971433036965
57.224150446771624
57.56780676507617
57.534887143676414
57.899849308201055
57.62474499338204
57.7990417314042
57.78140979571175
57.95062804230055
57.79443674613954
57.32531992317031
56.49707830489066
57.114212752629314
56.780474863544725
56.58853058885636
57.13877429269788
57.139767463538725
56.80226969419702
57.2756076117074
57.28001138222866
57.08269829294976
57.570342598301806
57.82690858421953
57.62392388067639
57.54284951989315
57.670778769838684
58.13518449754376
57.616557236026665
57.527553709979756
57.49539002950947
57.445556806312744
57.115152486645954
57.20467808229781
57.233014973306034
57.171533083926114
57.473689966602805
57.40223231847991
56.93713059392693
57.46234218236491
57.3102746021076
56.6202156793953
56.5647579926313
57.29403745836985
57.26908189360406
57.8416309329746
58.099435486288066
58.55772659873878
58.56844139785879
58.268828944563154
57.866380863251194
58.28121511893376
57.48220626397341
57.088338462849606
57.3149874131128
57.28388595857517
57.22375598858893
57.23908228730831
56.913157737480766
56.45230516050774
56.85196773527008
56.52272687437712
57.08977138738961
57.15858497366454
56.90068182917378
56.99643037081038
57.5216064703572
57.1479494794625
57.30375798088279
57.85109553267781
57.74209199953041
57.724668375386386
57.41781708844443
57.823207140681745
57.91827200691345
57.50178766224057
57.26973384454236
57.975067754510135
58.19366853978355
58.12514637352823
58.695980023184845
58.76415175785739
57.97920795925305
57.96845394205191
57.41907038455345
57.49541001091634
57.74866465062918
58.5184713295674
58.122530100728625
58.3519976709715
57.721421800967185
57.11433257538363
57.20884966051814
57.2566130238916
57.72761710837757
57.87494074690321
57.665309584819134
56.82648997993449
56.449717431102385
56.08594179738327
56.47780300991731
56.647991529753725
57.34075868843196
57.999824078425796
58.4280315992732
57.697295328095265
57.428361095463444
57.13846968696627
57.117427863278195
56.90929567330572
57.56613124679434
57.85767222198783
57.87015814337009
57.851025922537396
57.41882850722599
56.87438453820731
56.866321346339724
56.90163765394173
56.356603072067365
56.85861744122351
57.10471794226288
57.412314023769
57.344148169436416
57.54030955689429
57.08061575208696
56.826328797040716
56.343176305766704
56.40959398349348
56.080464115938604
56.45089240901734
56.792681754000704
57.46903269270583
57.116587350432624
57.71816523761097
57.729824784425865
57.34265766205438
56.561099078747546
56.519339870045044
56.7403898193867
56.9230077567507
56.95911480869786
57.31902774998046
57.41426474320756
57.33653298791076
57.30880062760332
57.871044139097044
58.122513113113826
58.453354705224044
58.30925340134055
57.6006409433867
57.107381038130384
56.70894251674368
56.58521916845471
56.38891003679495
57.30963748531483
57.939938747635345
58.415562950582625
58.298103125031766
57.82825648925617
56.92446538552571
56.41822938470589
56.561063688381964
56.580380361938026
57.50904514988989
58.15873459000157
58.53423611664327
58.59769380100763
58.870845345672095
58.473964681577364
58.60966776800153
58.477591607474416
58.02755940239855
57.67310881660543
57.64086518620437
56.9918868399799
57.05212032412665
57.09387832809618
57.41368965743534
57.18670566803544
57.524978446152986
57.81558909696838
58.25608953572457
58.12858530738599
58.77323629466317
58.83094063336838
58.03659850420828
57.39424045229059
57.42623532037082
56.757297478892646
56.597965940255996
57.275154621598084
57.01175143470531
57.040304809217716
56.782418752057424
56.571183201393424
56.187569834646276
56.41634805918254
56.789929820233496
57.761956413527585
57.88000794879908
58.137740575376654
58.64151044680748
58.30474424129636
58.31643200193791
58.073556452759476
57.54812294630781
57.47986039457127
57.51405638400142
57.22049630041333
57.80530357442681
58.5169584973673
58.145631440121335
57.93053210677774
58.062282552227046
58.22846189657683
57.49732627627103
58.12789394173171
58.36333258546965
58.429659517432924
58.47882794780114
59.005283730405225
58.97829421337665
58.44857171775393
57.56135193020176
57.33667016208585
57.66177771090402
56.85657627138168
57.653478637373574
57.79143085260531
57.976404851825066
58.01490424307646
58.314424902397874
57.87136145028461
58.149439475420856
57.89485571833584
57.06699761997436
56.957568653078305
57.18092475628366
57.400331542843254
56.888696095488015
57.223969996107826
56.944065021708376
57.30376620611245
56.87148530912397
57.5200722853247
57.720754213563566
58.40217458261691
58.12772424556514
58.14246769662638
58.014435636766244
58.04881140277634
57.58901097806732
57.84440816394996
58.05441040549641
57.48677392262776
57.6254437372663
57.85159151178158
57.7051450806379
57.279542563328754
57.82398110685388
57.75277124566854
57.825581596759356
57.59124657163072
57.9834350442015
58.03139241588415
57.94040496417263
57.65721532750884
57.83969560884964
58.050621573378045
58.168656493520686
57.68854100520033
57.86928942453068
57.23453789828153
57.26110438420743
57.37271430108463
57.96879234216622
57.621779848784094
57.85506048503653
57.985507656791526
57.6516509927072
57.250224192382504
57.81513099693196
58.19162898583899
57.78009084084962
57.75039686297821
57.34728243651964
57.224110118458704
57.19521382856455
57.3985585756407
57.11442051544179
57.79380578427045
57.59198847413651
57.15548063215836
56.62953561901977
56.712917934661164
56.73216129416811
57.30238458947183
57.58237432340252
58.334396130360474
58.13697308089248
58.23611413892146
57.487293789929865
57.072749679208165
56.4549821970311
56.994885277685285
56.64906387892618
56.82253110451994
56.86885943234951
57.00639490178871
57.00301023920448
56.5542344799627
56.346431251339666
56.56515609001881
57.039895697684734
56.655843805534815
56.78817722877561
57.13893380049607
56.76886101389747
56.22011941151273
56.20366758784102
56.99246518482143
56.813366486435164
56.87214550726951
57.60410524666563
58.2277893275521
58.06229089741585
58.14586393538376
58.37407279099466
57.504767314531456
57.475778707232095
57.36330033690945
57.314391583359246
57.26439318848833
57.65903892816309
56.96882581679913
57.09227522061427
57.04282906066587
57.29566015007399
57.35896051006124
57.51060958428258
57.327234946074995
57.05511162895856
56.70287437690572
56.23546626154865
56.86488394134303
56.818030428630685
57.0362390858651
57.246015663779836
57.46890339456246
56.727327601522255
56.891469206052406
57.0410797531232
57.50950713914172
57.20101173046352
57.97029307768345
57.772842775122214
57.639462902719956
57.69860802995875
58.362512896685345
57.539548508193455
57.404382983460025
57.60681926668231
57.57897718091199
57.82075857731072
58.224900104043215
57.924867566371766
57.49293763647993
56.788612838619166
56.07074588465675
56.24286348118147
56.76632020736828
57.59494564424455
57.98361727705419
58.605280551052545
57.87141033242381
57.71957799246386
57.20770280508566
57.637897441433054
56.987592120855126
57.87456703920393
57.66336225768136
57.472174346061955
56.60825545290529
57.04094500802389
56.82004156489794
56.81614745017583
56.744921978736876
56.851361180673884
57.00999598040231
57.00757980746279
57.35495272434944
58.04130239320906
58.11424835666945
57.67341614318747
57.832061653550014
57.85644980144191
57.49192870286184
58.09449030180376
58.77297384748158
58.22060567651793
57.91531286794342
58.374750220161204
58.19095482257849
57.78693281969184
57.56157345112158
57.36587993391603
57.103278753397646
56.44634521440041
56.22087905500151
56.95268189205999
57.77002918158344
57.96330694946421
58.86915371150478
59.149138635414715
59.15607870741862
58.38994644847232
57.59988555646079
56.8455377246385
56.595073785968836
56.03424745798778
56.40457050663298
56.84178604287765
56.931132619127865
56.825735722225126
56.84798597593438
56.346309433573126
56.595000030421964
56.522092618615204
56.89306275430049
57.23396867897939
57.69400318725758
57.01635522159709
57.07702698434709
57.34097647449946
56.80669816997397
56.82388785858318
57.377817685839275
57.611646843891876
57.35574847626674
57.4459706156058
56.984472507800014
