87.14236350479145
86.72796354764849
86.47055410840369
86.89666092957458
86.99001947029103
87.12170683631786
87.03060760697906
87.46591402514302
87.27424501247577
87.17977192563822
87.84520431021039
88.5566811518116
88.86446806717862
89.46326305601637
88.94720305986583
88.43588702993789
87.52503975054401
87.01307948127551
87.06757225955748
87.45520690095421
87.34809632394762
87.88904485037499
88.14240517922161
87.65146573876746
87.78567653055978
87.75263817070547
87.92573105348723
87.56212742295071
87.37865936381287
86.91057348164324
86.77502370855127
86.6430086661729
86.7438921706648
87.34433614977672
87.27893548560583
87.94248746373763
87.68107376560212
87.9667651042285
87.73468072728944
87.65679643946694
87.55834647685768
87.26964798764071
87.27034374812139
86.62917736822274
86.80681111736382
86.88220370977474
86.97283545078912
86.99449930270981
87.17149285838408
87.317118455138
87.07254479165712
87.05986484851442
87.13835848787119
87.42459427814708
87.58649831371528
88.05132535422177
88.71942908046654
88.40585702767642
88.59033870401957
88.80465902722463
87.92225216973199
87.85232390036842
87.63868490093938
87.57627097335396
87.2003844431052
87.66817167881689
87.01440770698989
87.29768411162983
86.73427677661027
86.53592719551513
86.12898570799693
86.10722361920325
86.4266982468362
86.42577707023753
86.31856082640238
86.49506889237668
86.4474323363332
85.81405050504785
86.49422680878595
86.73875582515355
86.92901677854414
87.14366227922714
87.6476909964065
87.61654905672057
87.2119391890129
87.25690440821899
87.34570519440959
87.48249620417893
86.99447362535291
87.08507616065944
87.25715432502957
87.03784306734778
86.25158721984431
86.25228583521668
86.32128709965262
86.35511572578338
86.69068938776005
86.68148351491493
86.86628171649913
87.05474882199391
87.17606616021126
86.96948689053464
87.26690629714997
87.32566437894988
87.92053905354167
87.60477535667408
88.31867516562056
88.00435219128772
88.28854496573578
88.20686955885333
88.6678861544601
88.28977686877491
89.15327461639431
88.55701353380326
87.84634282001268
87.62582510014867
87.57314463687246
87.11605691320733
87.51892820858224
87.7581768156317
87.58306111361449
87.75743809787625
88.05859213330774
88.05216463995612
87.72384452331555
87.58728880092234
87.18882124537286
86.65065909408439
86.36287122575709
86.63340445154441
87.04239209484305
87.22172315316615
87.3027954299699
87.84218303515411
88.09727835095816
87.27219148998395
87.53291827545277
87.52645513892934
86.98773664564033
86.47677837819623
87.28341826148505
87.13454532313922
87.06891076650547
87.1907962346781
87.4540202436029
87.1307888663658
86.5299852809112
87.07404572008768
87.42325142126256
87.59247984530948
87.8182065207285
88.62809589781423
88.74964528103506
88.60798410017398
88.1659584077088
88.18966155263351
88.19159373560038
87.39195450998913
87.69490434710336
88.41128486990556
88.46122539433648
88.55329769281977
89.20210620390114
89.22669174946577
88.71386461194815
88.02774780051666
87.884475731542
87.41189155941476
86.56608022282607
86.7121716543233
86.64547821949178
85.97365202950951
86.05076770240444
86.14074405124312
85.93821770538999
86.084580972976
86.16920622031986
86.14864272989772
86.44472120655607
86.55191796336163
86.45394415836604
86.78692991852277
87.04156437037685
87.35066033859279
87.60775473810094
88.39268992103027
88.27621576911284
88.0704961154252
87.53446450458475
87.32888548781499
87.17551575916666
87.07751674147472
87.4376719135245
87.86559479504078
87.96618146550773
87.26844706394584
87.28060242473165
86.72641947944877
86.72633427922771
86.32984754927978
87.12495953344339
87.06927664437836
87.64787427057644
87.20525042277941
87.51955513847875
86.82190820883277
87.19609071160491
87.23412393813454
88.0183106686062
87.71686749206577
88.13053323660947
87.92659490747201
87.54924336703553
87.09323839326625
87.1164743692553
86.82845270436874
86.77848227429611
87.12072415746995
87.42914156361361
87.5772414393998
87.79327019454762
88.13152203302016
87.61357466560098
87.32995785955634
87.68412482358846
87.76014584419846
87.27762608256343
87.77603413139427
88.10114340360255
87.56593343328797
87.07642426426688
87.59516274203357
87.29173672495725
86.56412173342218
86.52787962067347
86.95369415405112
86.57639048951702
86.46674879445612
86.64230504870463
87.29868942392825
87.70522696638332
88.01573284870986
87.90753842212565
88.47275974807721
88.72446062085973
88.0944673619355
88.04613092300784
88.65016189691859
88.70012742712838
87.98398468430494
88.11891784616279
87.51167952323733
87.63091906846925
87.07198271869825
87.18612841508451
86.805790599236
87.6521507676214
86.77245185017486
87.2514954391316
87.52246797548202
88.19498256372628
88.13568857925127
88.55461672000989
88.18043200236386
87.55619930259827
87.748615294424
87.11318531190685
87.10849176625632
87.37583196188908
87.37107639170333
87.00347416123725
86.91153787727427
87.13607335100264
87.21737729734772
88.17505134994408
87.7010547231272
87.97247183335553
87.84409522487552
87.03687509718884
86.53953485124188
86.61541652596206
86.6812035927275
86.29955482573097
86.73905164605075
86.72475796949459
86.81566630699983
87.17650867625244
86.94763802362249
87.26206386380089
87.36350995450282
87.23620003452709
87.06573735473428
87.33096697599
87.51020974200443
87.64759524764442
88.2292398010866
88.33958393012489
88.73143113600858
88.17483790646864
87.880439583355
87.85226148673709
87.15239638182967
86.52692402127059
86.58417428664431
86.24029814603023
86.32443631436314
87.07345978800356
87.88379225981437
87.65313947243044
87.61741422602145
87.76623795207402
87.92405966884232
87.91394275828804
88.25088502835403
88.29912963156335
87.56044755292321
86.68744832904282
86.81043540075852
86.35879268068462
86.5846678401754
87.33944742280605
88.15085039967164
87.47520058201374
87.65886597201376
88.07396807218022
87.46232054292811
87.17182651596326
87.69608695266317
87.47167583562864
87.32692059140382
87.72979761426222
87.64030941429284
86.91237786181647
87.63988031822916
87.92515588907875
87.97528160450051
88.29267523263742
88.83690433830671
88.62754776038119
88.29495932132718
87.71782532610905
87.27105497128048
87.33358923465526
87.00877787036528
86.76733140681586
87.02199682487952
86.8227214205061
87.11712011329814
87.69807997086184
87.71221619879844
87.96670394646718
88.62588398482106
88.29650380154555
88.33836389084252
88.66577264680969
88.64071026564315
88.56328487432056
88.5395232356194
88.22919648900904
87.85953170145497
87.98834777828752
87.59322888997495
87.63671213857057
87.26697149014855
87.1193593151605
87.18944619743384
87.76603717392987
87.81999176262035
87.82287653229484
87.73166430589251
87.5982698185301
87.20258186264547
87.43836555158809
87.59516725857067
87.67075173821053
87.66434862367383
88.07831111886313
87.84293307306828
87.90102234511365
88.08511347252617
88.03664208133405
87.97376175132229
87.55034633894799
87.1163334929988
87.32703672368197
87.25240324755131
87.02412453372503
87.02678116413873
87.61890230634938
87.26646434640391
87.65191809947797
87.36073051101772
87.60263453022023
87.12523646852145
87.26622601720128
86.49043968128231
87.0140963241732
86.6134148596366
86.53985590343117
86.67982276734269
86.89162255498839
86.34881676494933
86.86267481048398
87.34725409909957
87.48584041682025
87.5795909410487
88.01513964067865
87.87844858240432
87.4433014487787
86.99919103708768
87.10824114445813
87.03969858780512
87.11296107564962
87.13032301907958
87.44941187077032
87.79037852909605
87.1219155791297
87.25918080456562
87.60851814584416
88.11915872691634
88.12712854874573
88.38241303153572
88.46496262439004
88.94686103016083
88.12720366283402
88.07698637635545
88.0988968602276
87.90634726572085
86.98975856993368
86.95712610245543
86.42690913130437
86.77691636453906
86.9502499009363
86.99790703629449
87.20075515954485
86.99205443135858
86.77309688759014
86.51218729682682
87.22462933939428
87.65371745489088
88.09056928324857
87.7983395414733
87.40845365314908
87.4730924043609
87.64729729845365
87.5667280739088
87.66812625490816
87.51089192890836
87.6005720472055
87.30067424622344
86.99914906142666
86.86869321459736
87.50191373881063
87.23960684636845
87.61901060503757
88.17589991531761
88.69560104982074
88.4148535091189
88.24562779002434
87.99269098331065
87.79895724951939
88.1254330526854
87.86161591060518
87.88313739235944
87.60609812019133
87.4057125060697
87.4004952773257
87.85082335144901
88.1207948998206
88.6480912429809
88.40847616822019
87.54431096873498
87.31271360062888
86.87763855018424
86.63152300930102
86.83594751633515
86.85910767044409
86.79597572417084
87.27488361735409
86.67048241876522
87.14858139706551
87.35570477900676
87.47700492575872
86.9275666809056
87.5424756460588
86.79924058328447
87.34401040181969
87.58625605715295
87.65102182716412
87.74750454261986
88.31468968644319
87.55838913704662
87.19975704979332
87.1086987630262
86.43038953366148
86.61229958618951
87.28166720489712
87.07543706316876
87.58607072181232
88.12837871572972
88.23092587126337
87.91246547588193
88.52957024920696
88.35782824904558
87.96273371562191
87.21785170451945
87.72743472639073
87.5386378174968
87.69636033899916
88.32277254757017
88.93567766339079
88.80877972474077
88.48042272371774
88.03019399828744
87.71356472141153
87.08317492586725
87.19209710304567
87.64776589033579
88.05428089255352
88.36406608257349
88.6178215998553
88.40443145424527
88.47430487430151
88.14641250439126
87.65596968759766
88.15574590492594
88.2465176652807
88.46846259100917
88.88633530291686
88.99695082414249
88.91301155115934
88.19610459446503
87.91365136731963
87.24541708551698
87.62765570215487
87.23404023661655
87.9526716327615
87.67781143114982
88.12487213981176
87.83674934475815
87.8708149204657
87.7110138292508
88.00706912287609
88.37448273556959
88.17180313275412
87.9519027570079
87.97086616949784
87.38718032731546
86.80660869663338
87.01524817426244
86.90109552923683
86.58154518347973
87.48002017900541
87.63306663476939
87.06800169369224
87.81426159953091
87.50599918481444
86.5713912764263
86.09446467555559
86.51848413051047
86.035205659112
86.9322240046848
87.13028050513363
88.0229065349025
87.5710518577966
87.49825953144597
86.72700686415976
87.50222080215715
87.45536181625302
87.840484279301
87.6946634386206
87.78255873531779
87.31895334823142
87.042540355033
87.35596346436007
87.52130201962136
87.33186469478503
86.83941257333413
87.15727629799133
87.39987433047375
87.3885778613023
87.79586643346573
88.6527068560152
87.84402716206355
87.68373813147753
87.47028023099321
87.44971706824825
87.16211917327524
87.47013519897433
86.69579536143559
86.63058914434369
86.69258818949531
86.64299520738135
86.97511417742804
87.7311239784971
87.729459686271
87.68993145744562
88.0433546066521
88.03784187041852
88.16164985556557
88.12473337514288
88.42349517985583
87.52588298290327
87.29499597573172
87.16020214494262
87.27817784532209
86.49365165231913
87.33216952813362
87.66551163895448
86.89871390800833
87.38070570078705
87.94030341434504
87.67665020141897
87.61251567487547
87.70273769691316
87.39541466782529
87.29065426575355
87.12470565251101
86.60609829798611
86.59289175808111
86.56778666383117
86.38535141549112
86.91715799905728
87.19910560359259
87.71776047704893
88.26266914128223
88.25737973243051
88.19694917440421
88.25921848304674
87.94252932989396
88.12511537424837
88.65156058651776
88.56669970971555
88.09706538631846
87.83577026380259
87.52345636292924
87.44368975205855
87.57908675102756
87.74817956605324
88.47178118117907
88.40248912371447
87.70787827798587
86.82590017093517
86.976298235383
86.54189356694627
86.18776559709795
86.3603138844446
86.47193218824995
86.69141346238801
86.70610907589915
86.54359671936376
87.22622198985053
87.16906531066836
86.51935722224762
86.29800221388503
86.92844275375619
86.43636369733446
86.95409970938753
87.7945517824414
88.18856950080742
87.49605168332174
87.78247787122716
87.47053199742322
86.71229028615463
87.11453230119913
87.10588597025361
86.91184665776575
86.75836115582267
86.96723491547752
86.45453245128003
87.33293662524554
87.1213905299132
87.76155526236352
87.78503716694905
87.3851664974441
86.53677622843625
87.05903011569566
86.85833283782009
86.8633705725714
87.09914842371533
87.96163864350679
87.75851505648768
87.38873636114566
87.21324930508942
87.18811601806182
87.07488486664143
86.99725880300582
87.3299837621404
87.89841743178883
88.11851527829762
87.67785892965193
87.24397033311539
86.70180851983241
86.0937446193275
86.32253672736394
86.5425615951048
87.0346309575933
87.69487648819644
87.6318783324936
87.56999358048698
87.34980468279628
87.43398425621197
87.1622204864407
87.72899634613898
87.60693405403143
88.0639152843448
87.78838353241389
88.1226635500423
87.55732901098428
87.85784569093296
87.72341749104177
87.75062090006726
87.8191283554244
88.70274443309766
88.52979835456013
88.48454497200662
88.85947301414551
88.34759048594923
88.31886555388681
88.03036348498688
88.02584353829108
87.77311197524077
87.85967950204665
87.76435221606523
87.75302302955868
87.68225327884372
88.09022772682985
88.54664654104438
88.42482589524742
88.24886978280702
88.35324472319677
87.51336359738072
86.74752816826371
86.89893811989305
87.1534221107983
86.6693627668309
86.96963187634523
87.45034486478032
86.57730017991076
86.53666503552489
86.38276904457237
86.5477104316404
86.64068048308124
87.29225472426988
87.45142476533381
87.64247861395168
87.23115184550883
87.5299832062065
86.87282394355034
86.54092595200375
86.70230230591967
86.81484210396852
86.32391862682388
87.23389809952526
87.98575126046424
88.11322482538971
88.21347824211087
87.94086522899026
87.5074422433762
86.71171836677215
86.3155545332054
86.56444346536088
86.99590129219499
87.38825371367071
88.24171790522676
88.58389121117565
87.9695915309502
87.3821795824884
87.44305382577657
87.15058244941939
86.88496583201884
87.56676207015246
87.78874878444589
87.2239718126139
86.61230858020735
86.9043086264406
86.405538209981
86.16437871664922
86.15007139837448
86.18135512641709
85.82025991643498
86.06979046159576
86.4696417210146
86.90673102427546
87.05601933501148
87.86597220772146
87.52369414789119
87.41738875075002
87.07991061298623
87.72044265914215
87.48136655893235
88.06542232842645
88.2757774691629
88.21474166514088
87.6663552743536
87.75413193639871
87.5913787708794
87.46657824580097
87.98794840160537
88.24374250525184
88.2022518935448
87.96497245052502
88.32899638544673
87.47451062179614
87.27138609182073
87.17435383525662
87.03939237721225
87.14430715786928
87.18624603745398
86.94970645338626
86.8640015802936
87.68281173603609
87.30336597035281
88.18422295987733
88.27639408498695
88.65251359500664
88.11397840402606
88.21563642741901
87.61456028165244
87.38318623068561
86.8326565489508
87.10315308702386
86.75707862161408
87.0195259292494
87.46152974914762
88.00664814852091
87.92640642313437
87.8442819429653
87.54412013057302
87.8194244368739
86.94152563548235
86.5871959300872
87.40615157640968
87.44754725039327
87.44870077381862
88.06839970935764
88.69896172877557
88.38199532723459
88.12342777985839
87.46836749711314
87.35359376918339
87.35414560779664
87.48418972961738
87.86423112827423
88.22172123554489
88.61145011888368
88.2816382656987
88.42289958687203
88.41021491235695
88.69275465382893
88.36848927518913
87.86944854095353
87.18634320273966
86.69450197942622
86.00937160194809
85.86560833059505
86.29940233832696
86.99244841760341
87.58474234306891
88.46194155923942
88.8834773132179
88.60845217465513
88.0583696350185
87.76435136068847
87.43986540050052
87.20008063915776
87.42237363192302
87.9065482256227
87.64084370043284
87.50862570415016
87.05621080619262
87.52764791062576
87.34964198005608
87.99615344330957
88.07215400840228
88.48151976344599
87.56522139569088
87.10990578285968
87.06546966517658
87.02030989264037
86.73471625036571
87.3387236094891
87.25315972640888
87.08543675960647
86.93767569263048
87.10878138429827
87.15897564956543
87.2210993892629
87.3146565106712
86.9899792048406
87.06222350776665
86.47119868633283
86.57736829834695
86.87289999815448
87.04940275219946
86.66111048070567
86.99304221634695
87.14897259012173
86.33286641615715
87.0126386095584
87.13569799565457
86.84559463769082
86.43996674218687
87.29572517410007
86.7269787095556
87.31369506895153
88.12779847423874
88.70422609156269
87.95407390454349
88.61264926606569
88.4128295906859
88.0449694002601
88.03747624178389
88.17927982674178
88.13344653405134
87.51872535003534
87.85141599690485
87.21763216688267
87.07792462155012
86.84656923440745
86.76782961716931
85.89281635897495
85.95103965470646
86.04064537115894
86.06307752359997
86.7534349024158
87.61780357873026
87.8878311434143
87.73379789487339
87.42518681176395
87.51502062263835
87.13812644648254
86.93484872111739
87.66349109470791
88.1937653383581
88.19544689641461
88.49259249218112
89.27318208749563
89.03736315988266
88.27296621932868
88.4489079481239
88.03364693762236
87.42079928573227
87.1049285555362
87.29448431086436
86.33704143966081
86.4661716495352
86.35933701434377
86.23686161381268
86.09572419145556
87.07750475416258
87.53449304364835
87.54066383119736
87.56408578930102
87.63308856834725
87.35821701902019
86.64475636326725
86.99877282752558
87.65995533960152
87.45987770719272
87.09846467256989
87.1705740733216
86.85227537001848
86.35482227449047
86.33211320371979
86.6805425795037
87.18500720405933
87.17453633437856
87.81473108897137
88.46845440843967
88.54834925664662
88.46558954906997
88.44136949135157
88.23623671882315
87.54807442873849
87.03234239386654
86.69698767731226
86.93025246928109
86.17644410953851
86.50076273357266
86.68182048143754
87.148553527625
87.69860371777982
88.33840975066457
88.70237239065249
89.2366595108166
88.62718149211267
87.86159294970655
87.24362447180411
87.47599198488672
86.93718590507952
86.92373558834359
87.11790620806332
87.8694816410518
86.91752757361061
87.34625215421197
