36.05310802271739
36.057982000590414
36.045375947611454
36.096308244965414
36.142510729636015
36.16151551722761
36.126312153816166
36.113562682315624
36.113414697379554
36.08448147235488
36.08261992150638
36.097500415772096
36.06888970612105
36.050610287093996
36.05946754790659
36.04786459402166
36.036370506181285
36.06404461963057
36.04958203620512
36.035727733975435
36.01844799842881
35.99936247661702
36.01218815256994
36.024494696758794
36.06517172674671
36.03947321861843
36.03993015265984
35.99441080269874
36.000492227305976
35.975265582314925
35.98658604811222
36.02427458812756
36.07167644714735
36.04143903688462
36.07145475579277
36.115375375612054
36.07802692612682
36.06933431607251
36.08197827666857
36.03041152477363
35.992365567969486
36.001809723136304
35.96468485990406
35.96651112276965
36.00590569380442
36.01810431335164
36.011807087809814
36.019379125832366
36.00317670730648
35.98653888854466
35.97267192039155
35.96782724682705
35.97214241305287
36.00555828615886
35.98471525268563
35.98301419260571
35.99256670617908
35.999538982129174
35.96035321364742
35.98604828658637
36.02279544283376
36.02180395413336
36.01820280247871
36.060133973153505
36.031785138909946
36.00680701627599
36.02323068289414
36.05881169285256
36.04891087854453
36.05465411670842
36.04003107697008
36.07202351003779
36.039955145036274
36.04817409243218
36.039106860646136
36.07836345986023
36.06681043392915
36.1016842982015
36.10873124242854
36.118813724531044
36.07907261931024
36.05371230350437
36.032716835960585
35.988582238241534
36.032917303443085
36.065515443127126
36.08518603426235
36.086871977225414
36.1343499510627
36.11345465752856
36.102244493438626
36.11906858528964
36.1164601277396
36.088917236932545
36.05866679277688
36.05199974570794
35.99839642053858
36.00666959790116
35.995032316916266
35.99844567691944
35.972650039883206
35.98381806173802
35.975449947861776
35.975888306779936
35.97132120261265
35.99032966704728
35.98539937981303
35.971682362198365
36.00145558611338
36.041779799176034
36.032592232471885
36.028950906682994
36.00872957078303
36.001131702543134
35.96791688685668
35.9698806512097
35.984453030231556
36.02498648843488
36.043850027553816
36.06469180752875
36.07060333395784
36.08044601705555
36.081495997054546
36.08241786330109
36.095442141133525
36.10494841591081
36.12142127767078
36.11118905851341
36.09414997671924
36.09228742050184
36.11074363064991
36.073973492590255
36.08299766358365
36.09171973908568
36.080468386985764
36.04627586212347
36.04062028027473
36.05911844983035
36.03807434163402
36.05194088769781
36.06346966059192
36.10584660328503
36.08077653644271
36.095633227755236
36.06883156227408
36.08058213402434
36.07905428146523
36.06603568829671
36.061169104821765
36.07260798729478
36.090760095616375
36.05768152418902
36.085500759301695
36.102007459110794
36.10094779670752
36.10015083354325
36.14509040226905
36.13751775765911
36.08719757781732
36.10693753250699
36.09718716384794
36.066601915631395
36.02877296549143
36.07844719499208
36.05698605325192
36.03375610276787
36.0489398739944
36.094090655920226
36.06079957058971
36.05541336394931
36.064999224184966
36.06881929221566
36.03565808063927
36.054504636748014
36.04429642344928
36.0254506681397
36.00652780963055
35.99512584096472
35.99388744985548
36.02624192006781
36.03497948418042
36.040497409835936
36.084471162619465
36.098925499503956
36.104305649240985
36.14131451047029
36.12264137386112
36.077993467495084
36.032293294247005
36.02191665541788
36.02154048334272
36.06668591962519
36.1198036659856
36.14452552562801
36.129445340584766
36.128346007108064
36.10972698503098
36.09902881906845
36.10359089974332
36.11898604624777
36.095538674532015
36.095364124458726
36.059689203415616
36.03771002253043
36.05410490058739
36.07929566336668
36.03974328798208
36.06213556302608
36.104879603173075
36.07217865828336
36.073698893171226
36.075121017953926
36.098276177160415
36.05204524695883
36.072437551814915
36.06667769103446
36.08631585539754
36.0506346441998
36.07050215701324
36.06932256612465
36.03007290297463
36.026396149327894
36.04044407290897
36.049274764755964
36.01459359950416
36.00936410283922
35.993246384152314
35.98456947202604
35.96540998963367
35.96375191685259
35.998660433343865
36.04282610260628
36.06089724628502
36.09212169979095
36.12188599902059
36.092839603496714
36.10579832080852
36.1091112131915
36.10353596110739
36.07077986870475
36.06475272199063
36.01858791709341
35.98062965616134
35.98528562970783
35.984724580667866
36.0030502990909
36.03007781841717
36.051150056280925
36.05333318408233
36.090480003309345
36.09305305542432
36.10388320655396
36.116470011313474
36.07966416133163
36.061760539116946
36.06583689619872
36.04781141969161
36.04399320531532
36.08109916607444
36.11613273956824
36.12542311879501
36.12611487717292
36.12247059776814
36.09811440448058
36.04831017807291
36.00854504931103
35.99234577075604
36.00453242771697
35.97707837800881
35.98442147060956
36.03572028091988
36.06281820706208
36.05140403543995
36.07291530224295
36.10563222880215
36.10279892041086
36.1079244479114
36.08768565405978
36.0772548849631
36.03384181512116
36.041326749975674
36.00178114411862
35.98876380006509
36.002769533304686
35.99977908725524
35.999561112843594
36.04180144693112
36.08016194640407
36.057596176602395
36.05988496569297
36.03574580728089
36.01941593495854
36.02846622590226
36.04273125798145
36.04654062107186
36.05607884176588
36.043367296100556
36.04602215014576
36.0418455266127
36.03630820127306
36.01080277674039
36.016346556374934
35.99068738275023
35.99748203015585
36.039567988407995
36.07667921177607
36.04914037318679
36.05937087146459
36.04718126976998
36.058819530156136
36.06245569061194
36.105769296091815
36.100389226267744
36.137210418062544
36.13165163257765
36.11362300309026
36.079340548781076
36.09223261027698
36.05291572615981
36.04117468895834
36.052524327930726
36.088446244849386
36.064718331372575
36.06787107993271
36.07443940521156
36.07262306234047
36.083111342484386
36.06504238536074
36.09153706201591
36.08823280165966
36.09287550184068
36.072896380516354
36.12191401409602
36.13728816222424
36.12673238931601
36.12372010501452
36.137245318727125
36.14281392741081
36.12026095975826
36.11690032971194
36.11439504387688
36.095688287095264
36.04617287579623
36.02833133814031
36.01463071504228
36.0053520221166
36.00032230477977
36.00027580100614
36.00759442354281
36.01384354663379
35.9815978704242
35.99634162843793
36.018069282951004
36.0353458083085
36.01726885676762
36.06547335999175
36.03298992278724
36.037427476212585
36.01625454621294
36.03922008660828
36.03724256567355
36.038513814505826
36.04648738061925
36.03092994640064
36.02267628970193
35.98224757648724
36.00329749393213
35.96558925220808
35.99607468302211
36.001390387770336
35.99847775321685
35.99396628110716
36.04183637749584
36.05517744916013
36.08847328797157
36.079956250227696
36.085619564875586
36.07714753259796
36.08176844978392
36.02704310913787
36.05354038843289
36.041099189196736
36.02969066282765
36.028475222324964
36.070627132837174
36.088382469857684
36.10057708209369
36.09516319491903
36.06537831136774
36.029852551835226
36.031099805884736
36.05323058671898
36.05749460922999
36.05433045403789
36.098360493941684
36.06458149695568
36.05151912100267
36.03549016183869
36.079863959269666
36.03959134533409
36.045917022548444
36.04974625812263
36.07835150966801
36.0767982015406
36.116711031902234
36.133169445074216
36.11426480925048
36.094293535726216
36.06032643288737
36.01958057666435
36.035159963057104
36.06024587585311
36.047833632957904
36.046316892742915
36.082801764655706
36.03999359065639
36.026877554926976
36.06284932316804
36.077340852822154
36.07748719135515
36.077765951464514
36.075541211646154
36.05033184182666
36.067391401187116
36.03568357545721
36.06061385508158
36.04533687342153
36.05908992221362
36.03266847053397
36.07206096885871
36.05231325066008
36.07634722146665
36.09885833934533
36.12776428930474
36.11895764623396
36.144663005586075
36.118083846197024
36.08510770674745
36.05394401846882
36.046404485652374
36.050974660437575
36.0413570940576
36.043950343479125
36.07722539647992
36.09228876880972
36.06513489658086
36.104615874909946
36.10776020602351
36.058944723787775
36.01046990614773
36.04093582119375
36.050011743155984
36.07601778077862
36.126135937740536
36.134896560007824
36.10886687082671
36.10290513560343
36.06983556879302
36.031807589296875
36.01940292753361
35.99945063297045
35.95987512327335
35.94715511519247
35.961048860011644
35.99674940201673
36.02436729286764
36.073301763656495
36.08478090954026
36.073454306715185
36.06375598501247
36.08286523806542
36.0290664181431
36.01576570286314
36.02123356465787
36.046556087682646
36.028550252794176
36.07229623298973
36.11047707627984
36.090858450151174
36.0479084296173
36.04873227100255
36.05427733755136
36.058019608354655
36.09286314474234
36.095491000602365
36.0808457364047
36.032520703208036
36.02158500396639
36.00491278454334
36.011388186944316
36.053331933531524
36.071857638265655
36.04686354394178
36.03462910529246
36.06144622413029
36.02225686277472
36.05154840170277
36.06498942204921
36.1046595846331
36.06315590246733
36.05612083221431
36.04975708168602
36.04730810757198
35.998653767880015
36.00438812317237
36.045682065171576
36.0184688666996
35.995823903889054
35.98896466022823
35.982728859757586
35.96527330596138
35.96528460135626
35.96825796110603
35.97394287296082
36.00026320638894
35.96798458409077
35.97274830180154
36.008697524603704
36.05251798621307
36.04791133775376
36.076962192884416
36.09744588635552
36.083049479094385
36.08233714409294
36.07335348999597
36.06505865431221
36.02367665894009
36.031655329722426
36.03776290847344
36.02842620054986
36.02117239663896
36.05432525915432
36.06659014694875
36.069583376429485
36.09477118720586
36.12868023968181
36.10942237369307
36.10119488488873
36.081382311189444
36.06271433386275
36.02812062653669
36.01654156581916
35.98721675504728
35.983144128735105
35.996050590896886
35.99422704412581
35.99862062231625
35.991558507029424
35.98899215313364
35.997617809578884
36.00791791419991
36.04497445802947
36.06645608124163
36.06992799744771
36.07157038215545
36.076934858796406
36.065076567174636
36.0566296209835
36.03612865753273
36.01905449244504
36.01761431373977
36.001591138064384
36.044163611298025
36.05613972487653
36.08980105691993
36.09533763462197
36.099852776721
36.05077021277249
36.05869903975565
36.00971601597439
35.986476747045685
36.01764750870494
36.02378110543323
36.045362050128645
36.05279396696646
36.06862604053068
36.027711447894546
36.05188433340167
36.01052357455267
36.02770249316701
36.03092437873366
36.01823964622163
35.997638587893654
35.99641191494907
35.98566667511015
35.9868371691912
36.02594408295744
36.030587436273855
36.026499510528
36.05115858654118
36.06114725468733
36.04299228268062
36.018795638006125
36.02428110726021
35.993188195316925
35.99414926649517
35.986205031546746
36.03096659526663
36.03866987522652
36.07343115862014
36.06342940430612
36.105041948471765
36.11713871032599
36.11685223636416
36.09506947377963
36.11537375326364
36.085673760168625
36.048675097286235
36.02669788160447
36.00579499851063
35.97731287857526
35.973721720869335
35.9865518863574
36.00519282714468
36.03991330085561
36.04472876412318
36.06999674850529
36.057115945324824
36.055289014031985
36.02883637994126
36.048136141196515
36.02498001193484
36.0244849023249
36.050923871786416
36.069736518268854
36.07482760255816
36.099925732300235
36.09507354562642
36.09161205383144
36.11809996909645
36.11379960121418
36.11869361357132
36.145215733015526
36.123381117477415
36.10909656558626
36.08362937660873
36.08209786449737
36.04544961884886
36.029352537834264
36.02878026288289
36.02893495454847
36.020675670389146
36.03097929300658
36.08843604096854
36.06342623349338
36.055838006887925
36.05157411185026
36.08685971540571
36.03598169310349
36.06395992541678
36.0534820506726
36.03448914686609
36.0185825056397
36.03999409814798
36.01420827646457
36.02959311230131
36.053774571602595
36.03025189011534
36.04671572676623
36.03416410245439
36.02530724353953
35.99999314591588
36.01494614483111
35.975085287425976
35.973103128362574
35.99751947223634
35.980293849337215
35.95736007899305
36.006766815526156
36.025740635628324
36.02839506011894
36.069104335108385
36.07596107382686
36.0399508066312
36.05285634719168
36.029945198532346
36.023170092097004
36.067797721988015
36.103669632551096
36.122023397929276
36.14478943115883
36.16312622009188
36.1491369382836
36.104760401622016
36.0674020808557
36.02883626983801
36.01539321456195
36.02302333275494
36.04346213910335
36.05768591009207
36.10821374991889
36.111782753
36.114585578066965
36.08839994660372
36.092651197142445
36.08028084378421
36.0908621683004
36.09495834248417
36.120900247434534
36.11253955503125
36.09633161508921
36.081935168300916
36.05119575699128
36.02622781892519
36.03181109704063
36.044655510240254
36.055694017396355
36.076206084454874
36.11103297240016
36.113562867624275
36.119210589827944
36.09357290271375
36.06929413011897
36.0771117286216
36.05780990471014
36.018432885322056
36.00465915946266
35.986811401741235
35.94646015652567
35.93426761126678
35.981685031701076
35.98757754027382
36.01951980832878
36.04861688563226
36.04643974997286
36.04964512636931
36.062781332342354
36.04937296427072
36.01103643486644
36.062583227227215
36.04674437792149
36.05786040599435
36.0954042674708
36.11302899087328
36.11397918843507
36.092301370443906
36.056728952930456
36.029039349666064
36.05141698451088
36.0511734783989
36.05315168869859
36.08055147351154
36.09963323582906
36.09139628144136
36.089927263439805
36.09884134863712
36.10108361588742
36.09287530533066
36.11518391822172
36.08482343289913
36.0728293059037
36.05128705188146
36.0620467070833
36.020236738756964
36.054641924888415
36.045229742078085
36.032359023738046
36.03141689348875
36.02953510519718
36.022926608931186
36.06089350615263
36.08245303514389
36.04729272466955
36.04207837553474
36.038695409756485
36.03540722362626
36.06432412957836
36.061198963370785
36.06497041900486
36.038188444142634
36.022830183040035
36.00951081350808
36.005365861243796
36.00614827386637
36.002309213250996
35.99894068230271
35.993371032777375
35.98480177639159
36.03411050393614
36.02567902919948
36.037869530349276
36.0160065736306
36.06628526354584
36.04117342785791
36.04307410079083
36.06971739883172
36.09742979354812
36.09609972872762
36.09705865003873
36.14344184860907
36.13137333474856
36.091447163258636
36.0740687811485
36.044388006161356
36.021712936668024
36.00913022237687
36.016253297686795
36.00754600531246
36.029557180915276
36.01680966555715
36.02476269497488
36.06819938797657
36.062749676916724
36.07650864654338
36.09348047123616
36.099135636504016
36.077617149602
36.067340436234645
36.03622640644058
36.00279717402525
35.96722738444952
35.98906740060757
36.017473282314405
36.00869078293565
36.052700038491494
36.065456292923436
36.01249595960719
35.995412953120805
36.03589951930887
36.007826968188546
36.02300763154739
36.03459017303253
36.062808811521734
36.06974135901815
36.09206322648163
36.08707295415098
36.09071913776737
36.08579498665706
36.08174198029785
36.078175463485856
36.10076520658666
36.10798354180956
36.083524406488316
36.06202704262769
36.0575049786044
36.03871152922842
36.017726426542765
36.00574228774438
36.01704628009277
35.995859135584745
35.95653372837827
36.00628080455691
36.04709894136226
36.037710369491094
36.079022721651526
36.10757736471723
36.0811749657964
36.08567966484694
36.10023432858736
36.06357748401082
36.04437965236496
36.06657601215371
36.05396537818113
36.05523935914444
36.063881416354754
36.10197985857051
36.08115667286786
36.08328436261304
36.0901963835896
36.1220843417522
36.077403023417745
36.088642728752745
36.08680360405492
36.086535794983654
36.07753892020587
36.11816316088222
36.1272994182471
36.10597187343266
36.097129203651136
36.09770664995584
36.06864906132289
36.04086993500577
36.07887317730906
36.09649019236501
36.07010701105209
36.11190266620444
36.10731880172152
36.07634961781927
36.04230858804014
36.06838658427327
36.03846902085214
36.05690899836786
36.07085011343629
36.09655446327197
36.095393339785474
36.0928943973354
36.098871984720404
36.06733619934032
36.04196450728957
36.05110409102638
36.04821148077304
36.034958649560004
36.081594272082405
36.09268056029636
36.034332133167126
36.06795831644978
36.07906006492213
36.025224221530024
36.016410302114096
36.0284949375974
36.02113455542839
36.004593560301785
36.00488743759895
35.985580179001076
35.98819966015216
35.99768012283153
35.99344815190905
35.999554698245724
36.01264431477783
36.039840733115156
35.995214860067755
36.01424351669003
36.02872491739861
36.04040992785404
36.00080232309044
36.03819753504414
36.03611477821114
36.01541185108137
36.008888080253946
36.01936754719337
35.98295775574568
35.98355265403345
36.00397190370289
35.995868931394924
35.99286695576019
35.99959752624575
36.010050844145965
36.010449808856826
36.05274570290514
36.10180006126433
36.12741576385944
36.11695730068327
36.147534680729166
36.09038794787233
36.05868300079542
36.027382025061414
36.01780798788515
35.990646480314055
35.994445646467135
36.01967537110905
36.039918866397116
36.0183503338097
36.03340834336994
36.047961500458904
36.01016624949513
35.99870801255852
36.010352583627956
36.00807639437383
36.01333818124082
36.02830928673997
36.01113548006849
36.04405524829404
36.0340567355922
36.036448455075444
36.03419260208717
36.05773086741136
36.01814210435591
35.99096861248842
35.96696622046244
35.961453116036
35.96432216531157
36.00595309101868
36.03513809589755
36.075380181676096
36.09650181894764
36.08674299963389
36.087442815295915
36.07314501378174
36.084760319337484
36.061606053972426
36.06041482599158
36.0566547962453
36.05443616811187
36.02210148370676
36.00350548287228
35.98830636596231
35.97774549828891
35.965213619681016
35.981718432825176
35.98541642044989
36.01020371813947
35.99670843881391
36.03910409354561
36.01591467023583
36.06298914330981
36.06712944904457
36.055468218351386
36.04134474223541
36.06465025002063
36.06286468620772
36.04423343409557
36.04589819120178
36.02146181892344
36.00744051890943
35.95841248672305
35.99904306971778
