23.21741912781153
23.24937080152132
23.238019974458165
23.234042568360632
23.302894119999813
23.29231882954622
23.25615779741954
23.262930853636508
23.262831002223603
23.254010821025446
23.255866441949987
23.289710807409225
23.273688025627383
23.287512589645882
23.297682244829815
23.247296272892125
23.248329504038683
23.307348413941178
23.314188418119194
23.24150916700486
23.26905746569878
23.268219097383344
23.19946586754528
23.1816938308972
23.240567173571332
23.248154223205844
23.21386254368585
23.21009595983191
23.15555528428094
23.10903778105496
23.132266232090036
23.212944273584213
23.259320783504723
23.277339384713667
23.32321514379561
23.303412751535042
23.22170871833922
23.16292126574903
23.151105905231994
23.099171247492016
23.136811336276573
23.182442434418903
23.181302008634287
23.210460584080316
23.283925952828774
23.233685445489545
23.22247187613757
23.25371773650955
23.22950194236902
23.190643139469465
23.1646359929925
23.113693135659695
23.158007946417843
23.236059837343632
23.272447636084493
23.29146741293243
23.358634502324698
23.323817299637845
23.295584884415565
23.27147127771563
23.26625679349481
23.20866716403662
23.220520624548897
23.227867776950852
23.21438342985413
23.241468406823355
23.23425912421438
23.1864505042758
23.166097833238716
23.163702304273635
23.179871101629768
23.2263866239381
23.268051611504923
23.26886297324401
23.285039346120765
23.266022901238426
23.27669279715351
23.30950861823459
23.324319249692216
23.34082428262325
23.3007472039594
23.260697145481544
23.22010276470379
23.233615576831777
23.20791766860055
23.219907890434847
23.238076104657498
23.270249086541746
23.20662751294597
23.162174933411876
23.159995192808044
23.175315730787005
23.139128342084682
23.192562483128523
23.26255595619772
23.33102928387627
23.296429697284704
23.31221485027537
23.279162909780236
23.280690733966424
23.284682266057978
23.3253756292735
23.288011863094976
23.294639912182657
23.29620369284036
23.254437950535696
23.199247155300867
23.225468664891253
23.268004488111973
23.259112940347755
23.278391927937484
23.338409298245857
23.384003223193382
23.36783452833604
23.346760050685894
23.32226753001687
23.34700878942011
23.355832897663323
23.34561472894938
23.302504774465707
23.34354411805272
23.25490147241879
23.197062895107244
23.21358999963892
23.208658298647048
23.1529266978141
23.23558167063838
23.26717735449669
23.28172848722601
23.283523822189856
23.27078716771689
23.267565159493742
23.258650981642894
23.203880364425306
23.271708604214098
23.328181966163747
23.322595093513435
23.305760867853365
23.28576270728703
23.205951011068827
23.180655911595064
23.19607257668012
23.229109417376456
23.213245065258157
23.236962766530667
23.270588201350698
23.18378633912662
23.13177487475996
23.20695618376327
23.27675784646867
23.264868042785704
23.272822568874485
23.320857429410864
23.301819814582323
23.208650527333468
23.216928631225564
23.269935183052738
23.24745006832191
23.25437138219673
23.312406929814305
23.289059276635733
23.276934408618505
23.258577224893187
23.290569443905888
23.317365388341113
23.31058878047022
23.294072389209777
23.307599946824272
23.27081576493914
23.246878437299035
23.279532035696036
23.33585984395985
23.382064052492055
23.336496590726462
23.297690863992848
23.249729354475647
23.2572322323449
23.21353806587859
23.233795502391235
23.256229751976417
23.296113425975005
23.295134943859505
23.263946724310287
23.248864662061862
23.204056649222384
23.178756364973786
23.165150681513193
23.1540716199612
23.14004051112
23.184818612985797
23.215035442543744
23.171604040209466
23.21622746527207
23.28401373963162
23.33193508925831
23.325615935565573
23.359993107723287
23.33325420443494
23.326635172730366
23.253711314006086
23.193556897785243
23.190383887140158
23.205930305816292
23.18567788348439
23.24706459469548
23.25903664775228
23.195582365823917
23.2130731983435
23.174981484867903
23.12837662225298
23.197554292077065
23.21858176806298
23.17553373270878
23.232466749136
23.212253999757024
23.12633325462612
23.131494390486843
23.146449772199908
23.08841565200229
23.086292316591667
23.155764019371972
23.163127113608482
23.183308273491555
23.219530335555664
23.272783683531443
23.21212354396544
23.239186570623094
23.267632590163448
23.312601436057413
23.342104070861648
23.408385226182997
23.354909483529767
23.316613557591786
23.323847539493062
23.312145726508042
23.328844306378773
23.327533049788563
23.35086055127737
23.28126427076799
23.281677723482424
23.205662834363743
23.232807336957528
23.21212345520465
23.25936627822373
23.18889792130721
23.263869161745212
23.31594258196106
23.329085751116303
23.264859524223603
23.305844271055534
23.238434468448233
23.185027434005967
23.169186211166704
23.243975474635032
23.21320497491819
23.244829567342272
23.269312663298372
23.2401028962564
23.174560641597747
23.23974785631133
23.235230379980884
23.221029196767184
23.230411642868194
23.309727853516115
23.290557228300948
23.274324593242397
23.30260129779115
23.310042891431447
23.242571421645838
23.190829403702985
23.238252039907906
23.20566315096911
23.20209097970632
23.25598342739016
23.304158208003077
23.269860251200747
23.319286300928106
23.331833014640516
23.293202486151653
23.312155886194653
23.26970775692832
23.190141525676616
23.203378330695884
23.20848406657661
23.177408595095656
23.195084765071186
23.225563814405362
23.215419321600567
23.2191079429945
23.1785269019964
23.243480182260193
23.267057646334283
23.236650184336035
23.196250953543924
23.244020770315455
23.181075002259075
23.187047458835686
23.2034646904627
23.19306445216849
23.182587714246196
23.166498544580982
23.143457810613647
23.16090525542743
23.210211101805044
23.17802078517592
23.227375765790462
23.201935975076886
23.224392895777786
23.20145238427814
23.243669672677182
23.269182452221493
23.325431090364532
23.35095551870714
23.405469349383758
23.41621162117612
23.417382642647727
23.39345816991132
23.354354383365653
23.37089420660356
23.3107978164363
23.301810028871884
23.334974930464167
23.30750412531162
23.248953262663388
23.332120298600817
23.349890386338537
23.319200518052075
23.343413208382195
23.37544533083689
23.29598223168272
23.28958115595205
23.273412401328798
23.323890875110646
23.27918351105296
23.30083654548479
23.24832132982341
23.288867474473367
23.231915013590193
23.248669869531323
23.21367008059531
23.26308982087916
23.231675864606913
23.27886703330394
23.242496944526454
23.330689653031822
23.333293852416855
23.303250031593368
23.22101506890809
23.29957505962981
23.22655577310234
23.19021158346915
23.177243544663487
23.24865076674581
23.180110420962116
23.2281525553529
23.25464321934129
23.27289635378705
23.24781218799604
23.255978412687675
23.199121976988963
23.14522220114864
23.124194080996762
23.120754288482054
23.162463408126907
23.178852494618543
23.2472249786034
23.286437358698286
23.242034313707837
23.244315878478965
23.254595610070865
23.256917187660914
23.29838128514947
23.39363049070506
23.34774792577119
23.33603735289742
23.287009893594806
23.271051904097767
23.18147983277148
23.209739572609454
23.27382965317251
23.240956666408852
23.210541515862296
23.293294977915888
23.314278535619792
23.273550979374818
23.35144998951672
23.31276647973292
23.232742865139905
23.166182573879848
23.185841091723663
23.16559961794338
23.217333378928494
23.23528912060808
23.245101314690913
23.2567516898561
23.285297367472584
23.28062777836175
23.267252519061962
23.250330406615923
23.172546538661038
23.141246731980768
23.182769042350316
23.184984261804722
23.25503055455361
23.283219186351932
23.272555406913227
23.265339460206615
23.275508397650754
23.303980679082592
23.353407163061053
23.337237218344697
23.347009288659283
23.410743058030956
23.361925797814656
23.319434571201864
23.297898004325212
23.239951767595382
23.227169518745203
23.20016462880651
23.224973024911883
23.284054830104132
23.275281522904923
23.205402172611166
23.22143353273617
23.188816682399896
23.154518914157414
23.204071393475765
23.201367108282163
23.176498025415224
23.205541849558273
23.233766197448034
23.189432902953822
23.209273206927726
23.208988238821632
23.170128983353116
23.11411970222167
23.121172930359116
23.107498729999467
23.146693637759356
23.209566987333112
23.28836030085379
23.321285615389876
23.388328302061915
23.406712690622946
23.370054872212272
23.288874440304447
23.267277061304583
23.229877880891415
23.2327482959493
23.19099009442019
23.210159178936593
23.236607265127898
23.237236315485262
23.24858406165467
23.298807741357955
23.334346435652908
23.262000081451724
23.30006954840969
23.266426899057016
23.220230735657985
23.2101240828627
23.253600059197815
23.2193110516599
23.19036550174866
23.242231160930334
23.277717753673482
23.319259393455166
23.325327397694178
23.34866370254954
23.303368209205978
23.25267354265125
23.211742771248915
23.228445404142455
23.19205071057766
23.265709690439248
23.222281580687557
23.20047071236799
23.18371547935036
23.250508718026182
23.212538441327712
23.248395772952335
23.228407620363605
23.227089162359697
23.202992018281055
23.172008647788946
23.13714013642922
23.206550118385906
23.176932737546014
23.18612974200106
23.257794349129007
23.332776197571658
23.264664320517436
23.293999534828536
23.27015958668063
23.265597878450688
23.215977265106687
23.216309946178846
23.204323591282797
23.264059279762566
23.223758457275387
23.227497218465057
23.27731536959381
23.249985454770606
23.199921395518533
23.20333864425996
23.19336502484478
23.172539500779777
23.219746334191317
23.219828098199056
23.230830659921835
23.22777884633432
23.213918422812192
23.177028732989655
23.17710940122988
23.16063829798518
23.154823765022
23.16315270659296
23.169400807414554
23.145472911155814
23.119909531459342
23.149694284775556
23.125744691883575
23.11282012670433
23.101513607701673
23.103789862177184
23.160196477923396
23.223207399508574
23.2255211375366
23.302542107639894
23.285592527239462
23.221521982346168
23.22123097084159
23.278677123892198
23.274806580991147
23.36187123119543
23.34765241212031
23.305259667471795
23.314215987658592
23.23682083337004
23.166546845042095
23.1824530663434
23.210948873115473
23.142674220949953
23.21429484869996
23.21716275272509
23.25108961300199
23.28781006741552
23.28850497272657
23.271920821666026
23.327049904738114
23.350152522479387
23.2611889422428
23.301025347543497
23.24146839617309
23.18126010715734
23.13644194678769
23.14290160600692
23.176567332424025
23.18347429667086
23.207890408225218
23.162897620135364
23.211578092117975
23.145259026914715
23.20317133951707
23.24570261231581
23.29018716627194
23.23432758617584
23.268460228832517
23.24181061543134
23.184067673172322
23.21362394872107
23.298371031428598
23.259135034435133
23.2170444876232
23.267500252105684
23.206390292853133
23.13980768211088
23.181682326717304
23.236829035522327
23.225647743915886
23.2444550316483
23.251036071285807
23.213574455175113
23.255665783641074
23.218220091269934
23.27949757429183
23.338429621455823
23.406127220207715
23.313217679021157
23.357669645512214
23.29339173426859
23.24433537872822
23.198910128481952
23.290067112744428
23.230114905185594
23.230017167655507
23.21546653954578
23.225752437162445
23.18259623185891
23.223153470810715
23.27132657155297
23.323123561276102
23.329923744924344
23.28127851455087
23.315256013979525
23.306330108329234
23.25339649167882
23.26439833358425
23.353117055830833
23.320564485076567
23.286067832598924
23.285757471911253
23.300470978918707
23.268957771942446
23.303163095723438
23.318801816180535
23.295444490942735
23.268411178627723
23.296421621609877
23.240843512762353
23.28354385490939
23.303839826551176
23.290381477551943
23.273061348208234
23.26499760522797
23.189480985303042
23.19410563642057
23.150693699531832
23.096077013106267
23.11337317188063
23.141345227624942
23.20563759316517
23.285986027196987
23.332584608086012
23.363066649566623
23.360498524235464
23.332433015054637
23.297031307383534
23.26718744449895
23.238464433724552
23.289783603917602
23.228641139759784
23.252836451055302
23.2820685669651
23.31164197864554
23.285119516624007
23.37804830238701
23.370829230830584
23.307229500279234
23.260161216526235
23.19721698500765
23.153178208691042
23.087244736677235
23.098254124794305
23.08364675338339
23.089686298123404
23.04905710622977
23.059898425795044
23.100114611544377
23.175921085720052
23.189377929471995
23.234734595777134
23.234699299507103
23.237369981603877
23.221601123577447
23.265357851824188
23.258096142745295
23.250237767889352
23.281310519965764
23.289261177077954
23.28719068109518
23.253458386326184
23.253703774748914
23.253866623634288
23.19465432127039
23.20999287820695
23.197089731228612
23.26568999986063
23.266689998943082
23.264114918086104
23.215773211405065
23.238420377456052
23.215972502990414
23.195438171032897
23.212822441193445
23.19850147097411
23.190380503776872
23.162387497036434
23.147985241459132
23.20572765397531
23.18980382398631
23.196969821307345
23.242513758089366
23.194838992258713
23.109715200878227
23.158869665946344
23.22386106081249
23.1694249833699
23.256448000596272
23.262581875649694
23.219163390568752
23.139453580616177
23.14164484248294
23.07620450550817
23.103073778261244
23.151150859851313
23.175673001167866
23.166263953341275
23.213770696233137
23.201985355332262
23.212824927574975
23.256579133128465
23.336837221123325
23.337291816382496
23.39438518743713
23.377757481564764
23.316115318252418
23.287064473202374
23.22800620046926
23.165897442434414
23.20055523576618
23.26304553077797
23.21775023450464
23.28718938309141
23.35432701454814
23.337929991891126
23.27344734684289
23.34878733227278
23.35972990702619
23.269071455174146
23.238508776176026
23.267487933656298
23.197593684142056
23.134686210748
23.166707803894365
23.152051153482546
23.167141483717455
23.176296278631256
23.217659044071162
23.22499510929142
23.242010467489226
23.25920471778306
23.314842098166405
23.268199192102877
23.240350520040163
23.203757827052392
23.190036901713793
23.148227457079027
23.139818107398828
23.201353378084622
23.287459674661214
23.29651130395613
23.35066273976077
23.410417806117966
23.42928482506892
23.42624313487141
23.4206419203855
23.413166591910773
23.397418419095963
23.366819817217316
23.320958649009732
23.34038418739251
23.299037589880378
23.331500935326904
23.304183292009306
23.293229280526493
23.23260189965213
23.246091993748802
23.247645088988413
23.234869695892925
23.296260392536755
23.33864342970255
23.284299919691833
23.19321811266073
23.21130719547441
23.149233291451807
23.125193771636752
23.21299958032813
23.242957332777163
23.258267389815312
23.260529139571794
23.309812282637687
23.30753468290785
23.308428054764494
23.257961044914442
23.291819879675508
23.241795934867838
23.197120171844084
23.185897771663615
23.185612413899452
23.130904463451298
23.095135900316343
23.107030505526602
23.11384368127039
23.12040460031627
23.169330291516854
23.167855421078873
23.12836894690753
23.123314372105956
23.156578627364347
23.151100302272077
23.1999073529311
23.25958589554103
23.24908590088184
23.295947373227772
23.335114355309862
23.35812225598536
23.368113885387068
23.35484368531736
23.336111880681898
23.287404765965512
23.24457386849577
23.2083266052064
23.221003964117692
23.210146503723994
23.209661106437615
23.26708176889031
23.221499705244952
23.226258558720584
23.24090616296348
23.265524257207467
23.23225466102918
23.25472403664799
23.247219851945154
23.199746675115932
23.15434632603173
23.099313430370056
23.097353159518814
23.127940935668043
23.16000813932108
23.15092899288718
23.170531373642245
23.217190321287223
23.183497097634167
23.208096205989126
23.25064760403062
23.291073910096042
23.232998448824908
23.292889291270154
23.302171970665103
23.312500300050054
23.349035855942475
23.38526524131472
23.375112707941348
23.31715866398121
23.321644636704132
23.247677534223126
23.205369194859507
23.15958417254669
23.204390488912956
23.18262797855204
23.186502856261445
23.20331168339828
23.24613471410911
23.238263799346804
23.195517011573536
23.26073801471164
23.253512280803523
23.265504647039915
23.20420441775632
23.27986268920074
23.225771023779412
23.27864163406293
23.267125195990104
23.27597392795061
23.240947407229292
23.212205461651887
23.211445473231386
23.2054800221887
23.182696717973727
23.184869057308354
23.194426800820345
23.174180873697118
23.21584790065793
23.279749715081913
23.268808214977557
23.258668135304223
23.241859596929288
23.215149620209065
23.213339520252966
23.241333330818335
23.247022890750987
23.289929218912548
23.291415087747243
23.2294058808099
23.232584953605095
23.307901883501337
23.272218093741685
23.277742257655433
23.28319497088764
23.25189070680733
23.255994120024987
23.248868328072906
23.24070427359845
23.307356506112278
23.293589801899273
23.282412664090028
23.263882989893446
23.20884446337301
23.216805197146265
23.27098536267505
23.27750314008811
23.285320696492565
23.29779538973802
23.293847812432933
23.231236682067777
23.213975704603165
23.230675519424477
23.225341572379502
23.161835703894273
23.2151634509639
23.177338076041917
23.22304319537563
23.21202763065118
23.228674067856318
23.160092614066834
23.19284153380814
23.18604525673582
23.23408323551995
23.237632170573953
23.29941115024303
23.258755342679287
23.21782336511169
23.16684575432405
23.177119794110574
23.204318636190507
23.177282348179567
23.199169053324987
23.243405497293377
23.2400641737349
23.161667745141795
23.256179216397136
23.2657382896574
23.29756791322289
23.291717585223275
23.28101138226722
23.20349562452075
23.1922616688991
23.13101805477322
23.107405914643895
23.152020123680057
23.145122454716276
23.12827728846521
23.121889951696577
23.192026854818362
23.160513634834494
23.206017086698054
23.235764841967033
23.2286468975202
23.24247989616675
23.2472586626211
23.23495622268587
23.23217793462361
23.298264687132598
23.27935625977118
23.268402613581483
23.28143500047429
23.249405754362474
23.251118739409282
23.274176571786963
23.306949707694862
23.330877434235013
23.360261980400956
23.340283429631306
23.26030604524682
23.251197297460944
23.26791252131781
23.269634246497922
23.23454421245015
23.239319367084015
23.261350333138413
23.2134640881309
23.156837599713565
23.23450000619996
23.213007233931638
23.19767927223772
23.238344250519763
23.30204991904619
23.228069793340588
23.259169513979597
23.256483945183525
23.212313603009527
23.215977941510587
23.286539567161434
23.263220115808952
23.302784913311278
23.269377335480478
23.27190100680571
23.265297194355036
23.348076364393556
23.308102952817283
23.343538578307566
23.34170020088136
23.262824308446525
23.256979779813484
23.288995177656865
