121.96935003102814
122.12398089693136
122.76039166557591
122.67162412276915
122.17600871595823
122.21216908217589
122.62626746593575
122.72841359206208
122.58724626366984
122.7058286968335
122.51554016805252
121.61753269454171
120.84945567958626
120.95630514660347
121.06402803367136
121.26984872707021
121.87297207727354
122.08432828180082
122.03755897018917
121.92889488819662
121.5620657734244
121.30893607668843
121.69661304538381
122.46198476893133
123.05408050730891
122.92038272653528
123.46107076988133
123.44514189985038
123.38328319538857
122.72291529211923
123.53519676816131
123.15911586875833
122.91702200995849
122.08625681907169
122.27036054190759
121.39084243180052
121.68690051809934
121.42119588316655
122.2912218252845
122.68225635626968
122.72492263781703
122.86205870692001
123.17129640755363
122.33037206025242
122.49237082736079
122.84758519371306
122.6272371163191
122.50074138111844
123.39896441741367
122.79701469351599
123.30086622607023
122.56899172902202
122.7116969753805
122.04701570616449
122.27388910986181
122.06481320248619
122.65652817109242
123.10494937438007
123.3034642477791
122.84440118422299
122.79518374313393
122.57691926035122
122.23168404600706
122.21512516453716
122.25183138280315
121.9159208575112
121.54437021220697
121.35767114298412
121.15686968206641
121.53153628763161
121.32476542920135
122.07158569290986
121.97132522116165
122.69056722140105
122.49749488263976
122.81323692312876
122.88202611187674
123.19841601239587
122.34418778742972
122.17186026799291
122.09864057642244
121.6345200953131
121.90804856275076
121.78803429809719
122.10380836634663
122.12091404745243
122.29354380588306
122.06890265194654
122.96291336887789
123.17510098369203
123.24543572723478
123.37808937549707
123.01305156465548
122.32508086064897
121.88926472775385
121.49597072533138
121.24923788119229
121.86251597822975
122.5325865710223
123.13908956815946
123.58215330443986
123.43077605237923
122.9094194602009
123.01948504809305
123.11118748018202
123.1874547411207
123.26151851730879
123.76563006393708
123.03928923582475
122.64071007880773
122.09647347542393
122.0881587085016
121.33934371232185
121.40867831201126
121.18970739428678
122.00726610411482
122.56855209704418
122.9088420008167
123.40812679218155
123.1383558926357
122.60574697101572
121.82316532724126
121.92851315126168
121.54966723428075
122.35891054539972
122.58289851117995
123.01683315794546
122.48603184584404
122.57082994715839
122.30059677657047
122.33772374502038
122.43142201527296
123.26827475968862
122.95813859145821
122.822593262833
122.86001768223775
123.02358696619129
122.57359118178888
122.98747512444206
123.12151378027231
123.15953560751527
122.67477173507181
122.23869868769012
121.76408606728151
121.34243537986967
121.26005199998312
121.27674351900639
122.08837204140359
122.15249854819021
122.22221587455245
122.3608157851151
122.21264586791077
121.92929116034675
121.88872567765864
121.94661711365943
121.7571860664794
122.4910593412844
122.07198622826681
122.36976633530836
122.98608696486903
123.15582589307087
122.31912907232905
122.4455092805362
122.81082603135596
122.02374882761879
122.19655502609041
122.79288698481028
122.92479142987563
122.69750849128525
123.04961786386752
122.97028357018739
122.68292228482562
122.34271956657763
122.10530558009195
121.80676789091012
121.62926961528913
121.57632640770889
121.78845593591238
121.78528833552102
122.40138462485758
122.62267891610743
123.19661630620438
123.8330264974285
124.05163317780537
124.23425062603653
124.21338859691298
123.34423013528856
123.08852771483294
123.44519662279535
122.47095055584184
122.23247258132051
122.3705342346434
122.3791003890241
121.49132897065269
121.97884225282436
121.90078565111801
121.810130370141
122.00570394403023
122.19012861847762
122.57408943379646
122.74105836245481
122.76099816259261
122.58795417011518
122.52686450831384
122.25678972209259
121.68866114936418
121.86062356455969
121.9764750009576
122.13998249334637
122.02868673870572
122.82147974698869
122.58836000606921
122.05383288742712
122.45245111324441
122.47075781880744
122.14039457221043
122.57473500046997
122.52027181118561
122.33704966779428
121.97057552742999
121.95904863966878
121.79735364375918
122.38254743069743
122.62750932263825
122.62663151139911
122.28846110207542
122.95654581466731
122.51684087739952
121.90431182568352
122.68486449814118
122.70410762970428
121.79565224709924
122.21074416913461
122.02973327127775
121.31572181124416
121.82678978943773
122.44283994475627
121.84553696740836
122.5883566056078
122.36586535431074
121.68764227135742
121.56685973154158
121.78601167914567
121.48795395996626
121.72957751398567
122.17975335068226
122.48401739031817
122.43786224301519
122.0190348252851
122.70736893380952
122.63444981049786
122.07326630890104
122.55788188195076
122.58659289064215
122.53994552242361
122.60905901328093
122.53370269005953
122.23611345246725
122.27990597944745
122.11274930597105
121.79176831939154
122.22558561037313
121.73822784031263
122.32715520663544
122.09234489664307
122.07432266245185
121.67797872011174
122.49458800089118
121.88758664097138
121.93595002194802
122.0393547280923
122.58428306121496
122.23805778906315
122.48985440155074
122.54702768591748
122.96753739486564
122.86520644135445
122.99515658211222
123.02452256470899
123.37841953948723
123.05905552079894
123.25748991702116
122.82119270990552
123.42703563003231
123.4714620173327
123.56005378338386
123.01555153103702
123.64833419351983
123.34138203795919
123.15102051184329
123.5071841419089
123.56505575498886
122.8090954045224
122.6470118569832
122.3388075484193
122.08273484339131
122.25697335041465
122.27579092813505
122.26166674384471
122.0916136465718
122.34616563757277
122.35106851176128
122.99838511578999
123.21943844304738
123.61638754319355
122.97113080312666
123.05723738770484
122.46536432356702
122.66385121565295
122.87606763839585
123.18572275597668
122.82949475658009
122.8031555234194
122.87064743814895
122.11758693760257
122.26019190766337
122.27591803006717
122.41231712472441
121.92060879150988
122.50449352284208
122.61239912259964
122.42725743375402
122.8877404596008
122.38207002473192
122.10161928829818
122.24221216090095
122.80030373168056
122.17081613542777
122.70010262139155
122.2266828839831
122.2811773467653
121.54737518507889
122.27181152123892
122.0593536914183
122.13905980012964
121.30482318507912
122.07166360377599
122.2208389565881
122.3179789971437
122.63442033303254
122.7140622458659
122.52192456266762
122.28578175423465
122.86425260618932
123.39642061753462
123.65919464341562
123.59739285849972
123.74533011774119
123.14104421404673
122.39763233120102
122.36844310801436
121.93417813538485
121.64428529358375
121.42548372851249
121.5076650954446
122.09554444963996
122.3802034376369
122.78450799079076
123.33512272052845
123.7916235343841
122.97716176876922
122.70047412618166
122.33842324737672
122.36588573059873
122.23483751258698
122.94905418558301
123.37404920807987
122.86254323595487
122.9242393749947
123.23631673889072
122.59714187818872
122.87982354542063
123.32368613974354
123.26581845642093
122.42697315241962
122.54596833149863
121.88984773863933
121.74931949747698
121.21081137018666
121.66492336482858
121.44236289729022
122.08092221658987
122.15177775478358
122.90639589580753
123.28138320490523
123.65660346960317
122.91167129930986
122.89676923457827
121.94481141220122
121.74266506506774
121.4552648557395
121.84473876108363
121.56648059875147
121.77708578020702
121.44334060258089
121.4315355964482
121.32884044212713
121.77637821242521
122.31628598515303
122.56738923416633
123.18214952045687
123.31320579941413
122.89622016486312
122.48962778737184
122.70106805282217
122.47298550631785
122.2730394333607
122.51879820903912
122.24284934216237
121.59343180189657
121.51337488774274
121.94410600883243
121.93818281256037
121.91340543878172
121.98364461557205
121.55449824743638
121.59062904645914
121.58157773693017
121.5453351946049
121.45725692532656
121.99970456098353
121.90022746259326
122.09414232303959
122.41323536148589
122.3307489322674
121.81913921096468
121.72296055344228
121.32730338990943
121.34336144318915
121.74982613010232
122.45855432501105
122.2467844387181
122.30462594609439
122.58120410875654
122.40164799224708
121.65765372104866
122.33681377830585
122.28995608157561
121.76289340259873
122.02427018887201
122.3053520657949
121.59608122811342
122.06503803689807
122.05543796182349
121.90744345948724
121.98694817803641
121.8256715332634
121.92784642264155
122.21926670083906
122.64239571041074
122.48587420214908
123.27935820892898
123.22383051548618
122.8891555517483
122.21543387826573
122.41731541466478
122.22525907935183
122.42654471112515
122.86267288046346
122.87663949038802
122.56238530815578
122.17789254370334
121.79390122875796
121.85148224623674
121.98665501427858
121.86059292930618
121.63008260617656
121.98687678148458
122.3347720411114
122.78569937588915
122.77488395040719
123.17741345063806
123.13447798452702
123.10439303848037
122.83706461822442
123.2648162016671
123.68966074139675
123.17046983123505
122.8933828630508
123.19819935977955
123.38128930766732
123.39899071408858
123.4581322575124
123.20948030252444
122.63804486467265
122.20036773434951
121.34504385418116
121.3765141330316
121.32516914893918
121.5168422861944
121.8395669972803
122.59316550183118
122.20959045951697
122.5603455191474
122.84423057429748
123.2719798980346
122.90158992601376
122.89313109606944
122.75456690957269
122.65872648679037
122.06228092159543
121.83146033890887
122.41804711285128
122.47374360751942
122.49279290298634
122.34561519307461
122.57213503198463
122.12674004731011
121.84571957481612
122.0346617552012
122.06049709231642
121.60202527259567
121.84793104895864
122.3109833652812
122.46001189743068
122.69916528249243
122.99273229242245
122.66210737766444
122.02942171066418
121.11292403803813
121.55488319125111
122.21747059716759
122.70037424515071
123.17229187786339
124.1035773287148
123.79604637802674
123.40028221732624
123.29009873419209
122.75916910314577
121.89395210403158
121.82398322697254
121.82983325284695
121.61938547870575
122.44177314325654
122.79003798481783
122.53469090182247
122.03897374675921
122.66195860245966
122.68757948662021
122.83537469588555
123.05616106041137
123.22786230926886
122.77487797082401
122.0794321192266
121.7911533670563
121.63442092540006
121.68968506455181
121.52906540159395
122.15972446191297
122.28073231387425
122.52683581159161
122.2983126849879
122.21248877876378
121.88517033616594
121.72258513351763
121.67725330935352
122.1210351925243
122.05938282861011
121.88857709082113
122.0431010055826
122.21400637710528
122.58567508189677
122.67624435301668
122.526994005386
122.77601240554752
122.52710075385255
122.04976790513167
122.07328093803122
122.02341114006465
121.55003298866211
121.54491121775315
122.07738356399398
121.79183065497992
122.64854436356045
123.04791568654466
122.61401419115202
121.8473867222859
122.27140130405724
121.70047968505769
121.48493430144966
121.75829184265368
121.79020615619702
122.18424499615726
122.72368350257607
123.2619840032028
123.03622096340045
123.17869979800021
123.10085147508224
122.3321332528244
122.32633367420237
122.34978612758043
122.66068067137931
122.21174778447487
122.71018969507313
122.11237095345646
122.27509007535028
122.44939839032206
122.18948989984287
122.38918231158235
122.55112390804341
122.67512884795023
122.7823537737294
123.58536983027743
123.20199288125693
122.81138147676845
122.80508584774229
122.09751373749828
121.59420242053844
121.53002904668827
121.9777081814544
121.7079119779502
121.84787251276649
121.96339256357751
121.99912577428567
121.9232419174552
122.49503243100867
122.43575889943483
122.97307677036221
123.37144847379882
122.91091564528718
122.72902303282986
123.23389368947016
123.00366733410837
123.05697337479839
123.5102423723632
123.00691034237586
122.47197403707423
122.0960165094313
121.17380882202232
121.0395333263718
121.59178385667364
121.56565839656305
122.14743590418695
122.38755125180585
122.0937695711988
121.96993490076902
121.93962323341418
121.64691550440948
121.92472455046224
122.48492778234618
122.46422084923809
122.43275268875261
122.01301502067209
121.747625767984
121.59293023072878
121.32705565725189
121.98893219707051
122.33299949544278
122.99494261969812
123.2527596059178
123.94390244152846
123.10556632745468
122.77122918200405
122.37003646217781
122.10192742560028
121.48997450076199
121.89351753958097
122.45358536279191
122.82417228691133
122.80980376633659
123.486897239949
123.21451548533062
122.74019474182202
122.43991581277164
122.5090153098135
122.58746789914235
122.73216723202088
122.398620376804
122.5773676675735
122.93353479116858
122.5292723777463
122.83069504958762
123.6367508180494
123.84995432858429
123.10135863620603
123.27660214664346
123.22640520714071
122.47454022173243
122.24169141846717
122.52566275917225
121.84681258486657
121.37356050624278
121.87655310237406
121.93923238796359
121.55495471322642
121.86892414660255
122.73727472304233
122.60574818166988
122.6770266724998
122.91555994647146
123.43239070461145
123.18932002157246
123.23227859119575
122.80045688370842
123.20921841937965
122.64273701311636
122.10425654187523
122.16360060977668
122.67115079871687
122.89855924990802
122.71433271932946
123.0909750673039
123.4914044170129
122.68577781394409
122.23073516181228
122.35472427612767
122.4432164567481
122.38149325033847
122.97196061228064
122.61219443621788
122.88455875497661
122.25115267451778
122.05638268469923
121.87287996307631
121.90094877831041
122.07582637603191
122.76605983447726
122.82445128742597
122.57858393785622
122.93107381360498
122.4140989263532
122.03085168805414
122.06374405176987
122.18510366320115
122.47226360254024
122.912895407092
123.10484806582603
122.35126023075104
122.77619469184916
122.82400001233134
122.69090146270494
122.36503279326205
123.29658697365012
122.63903701391982
121.8756043947407
122.12713598653227
122.39440224080332
121.532687274147
121.42362085079442
122.15897416576802
121.87604711616059
122.28147265700582
122.92667904065031
123.64289936275823
123.20084787339476
123.10766884616002
122.81218098575214
122.78194541084402
122.64013831701365
123.24598282389545
123.26197671828788
123.02015367463903
122.48703443267398
121.96199698564627
121.10392610238496
121.18605345568737
120.93448564334578
121.3234611222219
121.27982540180392
121.99607178623634
121.59706810473513
122.2732473339014
122.31337093543637
123.03899634173183
122.9942363255785
123.1930617701303
123.42530925312033
123.48261216799919
122.92325134310147
123.09828808360153
123.30834680357896
123.26926052889776
122.71317488523562
122.63557618940278
122.52018857924038
122.09748902083996
121.66503268869988
121.85453229871632
122.44841900683316
122.35757556391323
122.89313501302286
123.34416835250086
123.93587305119304
123.48854026956724
123.5464549235741
123.47437940635814
122.66064972572012
122.36298966722897
122.3653746955019
121.64985494447069
121.28877190417586
121.89316879354642
122.24814416890919
122.19437917658627
122.87376984445368
123.08045932790003
123.21883918113342
122.33992736867044
122.19853429042617
121.84066462868688
121.47681129343985
121.23713660165932
121.51479317847138
121.77558736457081
122.33559336918401
122.6826402853851
122.7947812027979
122.89335404145982
122.72713396769441
122.79155658407763
122.60243166774458
122.40152061010326
122.48600074066925
123.13233760084302
122.32616766794774
122.9465373657924
122.8214652091923
122.92314326124009
122.11198908216538
122.03207603931432
121.74610327976852
122.21412785334033
121.74372672614243
121.69105559779773
121.70365495831456
121.82845165004844
121.03359180277982
120.91819314022192
121.35350624072787
121.83068179260081
121.84275620527178
122.51814885309614
123.16891788905528
123.31014978556725
123.20598082141355
122.77593079018268
122.04589868793464
121.69201292953991
121.5569113843799
121.0957871136238
121.50768645663106
122.4512410711724
122.89878628632718
123.43898994376207
123.6311689462982
123.51391353749457
123.51813734608577
123.42853563765568
122.76905137614683
123.46932801037215
123.18973710966762
122.69668271372879
122.8884507722468
123.35446722312399
123.33059438025005
123.35594770069834
122.98373769076775
122.97331447936317
122.98524722485604
122.94418594718825
123.67377680865354
123.81314768582669
123.51377005250231
123.48689876121573
123.03048905740039
122.96383751178598
123.16530407992323
123.47730635762903
122.90959345780311
122.71501845188997
122.10572947814751
122.01899425598245
121.96191105372623
121.99629370278531
122.74364971542823
122.61813688637774
122.70515598217654
121.97139940218774
121.80790229934544
120.9768028612471
121.44246331619438
121.13163561191627
121.30605658953982
121.95752635291606
122.80742299956997
122.18945391440089
122.67277845208173
122.653167647245
122.14367964713692
121.6976617266416
122.23558760191125
121.60079131765326
121.8474016337052
122.49226144565732
122.38300969443223
122.33857447513151
122.99495633422312
122.53368229190076
122.37924446608577
122.47590428885273
122.78272883662873
122.14596742775659
122.40671313671676
122.30256531434404
122.41885297867138
121.8849354955054
122.7134564821303
122.89336362719582
122.36082447766049
122.30409712545254
122.07859874073077
121.2297140389015
121.50421906395536
121.66823919499852
121.466654279535
121.41471880082099
121.75163021308717
121.9197246443913
122.59767928165502
122.23280347530665
122.9757683384299
123.6086004462928
123.20208811761711
122.39515504257335
122.45838856291005
121.78141772228568
121.32317313510764
121.49326590684613
122.2881762579927
122.75298331091946
123.04176307840441
123.39022627492602
122.95866308204408
122.21656000004077
121.92774749436118
122.33375049119336
121.7602234214296
122.39754557372086
122.8546126844999
123.1902353411675
122.92649321906183
123.33147187797817
122.58205303721043
121.97363326169321
122.28756671641653
122.29086675610218
121.64922566803997
121.5708441907638
121.62382527559043
120.86612323120161
121.33298896736628
121.3182351330004
121.43836556468882
122.06604143897373
122.39361500472542
121.63242121207554
121.88193188653204
122.4530277746982
122.72017988661798
122.49457613888242
122.9240173344615
123.61648999225933
123.26499174071435
123.11104334547922
122.92591323678474
122.82725064844655
122.49204486698508
122.66889752755496
122.17294492235897
122.3620667800653
122.23505906125895
122.54009285109407
122.49236743382012
122.26768765209354
122.5308731976118
122.48336941422083
122.37977246749423
122.59740684088881
122.85731220011306
122.64469752578691
122.5284162058939
121.99791729481171
121.35373299881117
121.0173880782385
121.51579933005368
121.83103705863293
122.25262027261071
123.02090353012375
123.78426112682607
123.2900526548087
123.12096175305888
123.34837018647451
123.4571318876264
123.57281385235915
124.00757979242879
124.50430777377669
