4.600877052883618
4.60207936017362
4.61200169793053
4.595385310459673
4.618835215570291
4.5988292214356665
4.602410177171116
4.607646901135133
4.6090708605565816
4.594198672164666
4.612249841089344
4.613285238879763
4.610506429395572
4.589929252797486
4.595024605085607
4.603136918413507
4.610094052848697
4.580479502538473
4.603028960850792
4.582533654707467
4.588083027220751
4.578148313723028
4.598136222692873
4.6032948776614875
4.618247933140118
4.592999814918502
4.624365603249858
4.63257712262597
4.637520777287331
4.637045260721413
4.642166339595679
4.622010064616435
4.609406250989176
4.599068133323466
4.579058214777693
4.568577138322331
4.559152328041262
4.554349347831983
4.5529846864283945
4.559535175468359
4.556834921080153
4.585292173762669
4.60342342521752
4.606221745014288
4.617128124898391
4.655723603632895
4.646568619355927
4.642431472328916
4.62665203658416
4.608363420999759
4.590800080597907
4.563896925512957
4.561765872113184
4.565291647104521
4.569347847282199
4.556812345230439
4.5910357815502305
4.581112023808906
4.584357286177082
4.593714559923344
4.622596973087244
4.619561944294793
4.60992742159753
4.6234652613601295
4.632490898400238
4.602118578195638
4.6016442759997656
4.60772555418028
4.604137286912798
4.6064921729205235
4.602115451167616
4.579653499253683
4.5720459352147245
4.559260284700793
4.539961337730446
4.563062626175909
4.585956985038989
4.597034352135391
4.619845914800896
4.632492805156579
4.6379451614019
4.611411667912172
4.60989760959532
4.595401636669453
4.593551270395118
4.576282936077702
4.610365789301274
4.602969662915213
4.609159313527571
4.592407736922713
4.5804056551496775
4.570018080170802
4.585186335782526
4.584486805224317
4.588632371031226
4.601609229892253
4.601105682047342
4.612021046284204
4.621892682380887
4.631041300417222
4.645086707646169
4.644640437492748
4.640360229689934
4.620883374271654
4.622546421654714
4.623992510737021
4.61014163130909
4.5859224628339215
4.603518877719944
4.612778760922555
4.602006893123587
4.61812060565355
4.633391550110639
4.60891807099297
4.598974968816657
4.57977605857281
4.587155602522936
4.569938439355889
4.589820885721385
4.589089675151579
4.613354091871083
4.580169770715445
4.5876766926050765
4.586308845157825
4.577597349037725
4.556898883512256
4.5839603908472295
4.593962399286794
4.591732416419904
4.622223784591759
4.652961102932047
4.636268017225916
4.627117461816367
4.6061759574216525
4.568230775292848
4.545820830382953
4.54796123550739
4.5451704318992885
4.561295896789229
4.579752751139746
4.576500678429573
4.5963073941403305
4.593108750550245
4.57788028023738
4.576971899936903
4.598478622065231
4.596414893660036
4.605177719612908
4.626501948882362
4.620288834536286
4.5994230475121
4.603204335729483
4.59991577841433
4.606854691137928
4.621291881600108
4.63547807364572
4.601700770994009
4.616764852704869
4.608862960737243
4.606082834312569
4.584237230349724
4.588794464377459
4.598481232528949
4.598629959011026
4.5993734991920725
4.63071706846028
4.6525001813496925
4.640661090291159
4.639956471656629
4.627746182755109
4.609553891590123
4.598813063691436
4.607326013977946
4.605158747647501
4.60264544057264
4.6002769772152226
4.589303787739783
4.566507072358828
4.57929560051233
4.601968979500062
4.606941646837281
4.630868903456196
4.62487638628879
4.591068084255353
4.582743419922495
4.569600260170562
4.546096785214477
4.573340292351331
4.586653368920793
4.590679531825743
4.591363130831369
4.59138630734379
4.560774685215189
4.583456989563226
4.576451974584498
4.607231432853659
4.631146215151335
4.640678575626032
4.640895844337164
4.645535948936795
4.646751867930875
4.640827083051614
4.653926631061383
4.627660648782121
4.641146747519184
4.63450803521323
4.632923799141504
4.642943090202185
4.63563805318441
4.636258093988942
4.643277578950394
4.648207539993507
4.648489850946066
4.658249899788018
4.63400064692883
4.619323228338976
4.597757783029242
4.574380877158832
4.573486799914491
4.585083489443766
4.593708218208455
4.619473595811622
4.624553676469775
4.616391703780787
4.625294904711539
4.60891351598111
4.584963114775962
4.589426269690646
4.5919223706760945
4.5747899516168715
4.560707915780749
4.572301035717561
4.555146475176262
4.5549839874020215
4.564396990315765
4.5717765442057585
4.577149292988122
4.608172458617074
4.639454014958869
4.650876062082344
4.6642045250141715
4.651625621054583
4.634726348844135
4.629693701670017
4.603345802358707
4.595815715277061
4.595881553305391
4.605952417672131
4.5980166506116245
4.609423161869966
4.599155299953863
4.617860591760527
4.61403066347339
4.621167071333323
4.6301112858627125
4.650404963201089
4.644462813267177
4.6478299292454555
4.624787137935383
4.618451831166245
4.6239282685401815
4.616501562001017
4.601329665799246
4.593862438263756
4.603945265444244
4.594635958179613
4.576633857832426
4.574128385138693
4.57891601559557
4.547226182708738
4.565417350967801
4.575932540562265
4.585821052807224
4.595861104110896
4.622504086468979
4.59450329919639
4.582222230873915
4.577940994190567
4.570456288716949
4.563260950327934
4.582885742420416
4.611050489906246
4.603564327454902
4.612138120739386
4.596546309109484
4.5835122033982625
4.557983361250109
4.555496177083546
4.571290292380972
4.596890038056268
4.613059625911165
4.614539381855586
4.628071422070201
4.610724289950195
4.60386523909976
4.577943449325877
4.577178459532156
4.590231990046882
4.5991628343327
4.577026821326524
4.599884349560924
4.622587739191981
4.594285480192758
4.594368641251527
4.592802286549363
4.567494735956577
4.557045773085103
4.585626749395926
4.592744845237647
4.598482288380327
4.624305670793618
4.6165676181988085
4.599724847700075
4.583764511719542
4.60589308377026
4.5795096086284195
4.5792586707502325
4.5867787990979325
4.578359019547702
4.571355463644787
4.586331986695667
4.613668525528057
4.597628295492982
4.604020174631533
4.601585235059605
4.604004672342041
4.575067377579332
4.588925453279696
4.581418678095664
4.584808055385548
4.571880184371263
4.602479103059315
4.621621535424342
4.624071465262406
4.613011312372758
4.625201822801888
4.607439159901542
4.592055101470198
4.60197653427708
4.591290565439307
4.5938797967631695
4.573336775229421
4.55547330839763
4.555725060731891
4.571709869086588
4.585220778231404
4.589698733360252
4.615808895903243
4.599984477210233
4.609657477496915
4.57439668221822
4.600870868416853
4.60677733330458
4.6351606351947865
4.623645361915294
4.656586282583752
4.630180260881232
4.598706439407016
4.592472718230935
4.576068414101354
4.578231753582567
4.602071326596361
4.605662756501273
4.582651630190277
4.585160925244445
4.5646898775820075
4.546232042491165
4.568560667933215
4.569576973655092
4.593964805680389
4.601750348896649
4.605288317263458
4.605609305639386
4.607982588570931
4.581589531820258
4.566536121753563
4.557749319040697
4.527115041047219
4.556407246854624
4.567646799997623
4.572149175484263
4.606449439369532
4.611624691813892
4.613127004288125
4.601726735792493
4.621751555928501
4.613122713320667
4.615561857735365
4.578500513881944
4.577263538458543
4.574553694103383
4.562632876980636
4.569350346504672
4.592048093636702
4.596882964879445
4.56840750431701
4.582851949006419
4.574233151822968
4.583946578449032
4.583267131037185
4.6006595568145485
4.590653188113568
4.584271509406515
4.564448324249609
4.585902877722166
4.591002490094115
4.573975380996095
4.597986333148884
4.588653647582791
4.598307146252828
4.608769015971358
4.611285086578876
4.593833074509494
4.608364278215563
4.6003041094458625
4.58456711793171
4.57654785217013
4.5933927089820425
4.592789977911264
4.570608068871532
4.587423589619148
4.596797798177986
4.6119995808217125
4.619403451700395
4.617940218383779
4.606956143078614
4.617910464287223
4.589000283443061
4.568885002575823
4.5984396654790585
4.61063880238604
4.595445415255226
4.584740333043545
4.60146092960085
4.603297341706819
4.599757431685063
4.62181568093365
4.633637492601169
4.63610568482855
4.604074243930498
4.60313512021302
4.602300953612304
4.596979289471498
4.582075630351269
4.603280966292992
4.606189683768612
4.60296014486336
4.614786340456428
4.614471280394724
4.618976975000345
4.591655333481922
4.585324286843052
4.601373702763595
4.601323175680201
4.607775226283897
4.607049354810084
4.597676951437702
4.58488964337233
4.576099233115035
4.574597013393668
4.58781443056389
4.602149373179833
4.619931881432394
4.642831289291637
4.6108625627688715
4.618260210357007
4.610112987435693
4.604590447078063
4.595922453843341
4.631436391165182
4.634814410851902
4.6399197899472675
4.611854127069449
4.6113826259146125
4.604441699894066
4.609838619935391
4.599080844000644
4.595187225234427
4.6203846958125965
4.622758533132834
4.591854070719627
4.599755256635875
4.616896748178183
4.605518544510376
4.5921564832876784
4.615278937241382
4.638454815083068
4.649684136875027
4.627981934390798
4.621692778402727
4.618826547156341
4.580406606294611
4.583096228092267
4.583661100788082
4.583253847840546
4.587072214312406
4.6116041160487296
4.5813840063480855
4.598379639566651
4.605063810361911
4.603510118998168
4.597678202693201
4.604231811671565
4.5805541831136285
4.578110941718374
4.54862518500726
4.544457450172253
4.558233080741202
4.571828397557068
4.577867548268104
4.600980516147731
4.609231403814249
4.622069441873839
4.627101302311792
4.629295286011705
4.628367132675082
4.614762749969843
4.618281936148074
4.637467178067529
4.6356026833658195
4.650252454911407
4.672056054381308
4.633310852342403
4.628289115144683
4.6134544727225935
4.585152547227665
4.583343679096698
4.605608056320654
4.6014943219443465
4.60838456848731
4.604725981745714
4.607902826110644
4.584937596295495
4.58049155953375
4.574226060036644
4.6055882490425795
4.5884525827574585
4.600325907890815
4.605489615407686
4.61478239146347
4.592608867217436
4.6098581615844845
4.63790619185784
4.646927820262218
4.653165096053543
4.661247290825071
4.634592251457152
4.5948812400017065
4.5789696327733065
4.583218626325573
4.590688978562314
4.587552025669259
4.597015752139819
4.610223250673663
4.580888506771521
4.574865528515758
4.5919762477358415
4.595126396304809
4.576591169367962
4.5948116082204375
4.572182111263977
4.5899229911649995
4.608458309848405
4.62423966415017
4.631647028196401
4.664122490955788
4.629346089269063
4.616708303016536
4.608342555452355
4.587322841294736
4.57841559308517
4.593296676979139
4.6112995879815415
4.623022367371784
4.61904633219852
4.611271030692524
4.611790779977442
4.605158320155622
4.577329587831347
4.579659833217402
4.5805387535013935
4.591825225854077
4.600029510619182
4.625614479457671
4.650855702756893
4.641207358021152
4.642132084558222
4.6376475761082565
4.606736225296527
4.605016749095237
4.626717426193678
4.595554250941817
4.567971663103259
4.591910788369288
4.593719205552545
4.585899301842987
4.619569116239072
4.630443181612932
4.640050172496421
4.646685726332272
4.646545364811979
4.622438105543787
4.641547577594702
4.612326099616392
4.607889915637573
4.618728318836714
4.633968532317928
4.612970079412985
4.629784754370763
4.618579520097583
4.615420765170916
4.6027330752630675
4.592484206538155
4.59116885823518
4.574397757289711
4.563671680769131
4.5587216249640985
4.5766456901410155
4.575021861540205
4.573199524390493
4.568835449083569
4.564026579622568
4.577680812716909
4.593563503980244
4.6076343832501525
4.599561668158344
4.608459566811394
4.583054820080995
4.575489982236877
4.576014251614154
4.586521040761272
4.586244835941895
4.589577411776973
4.598686840514017
4.588501753551538
4.6100843766642825
4.635061866229063
4.660117158743082
4.639179307612315
4.651494300427099
4.615102975708203
4.590970261551417
4.565970325299674
4.5671113629056155
4.56227810300105
4.569527327225937
4.591486480180721
4.593798431597425
4.601117898311692
4.626231379419314
4.6169689514767915
4.591968910347491
4.611853488975293
4.589711451107652
4.554465630271806
4.567250525721688
4.577346827376442
4.546774240879962
4.5428409406768875
4.552317260228881
4.558460838310809
4.559109581394859
4.5542684425860305
4.587862316351858
4.598179140570222
4.600893075899859
4.620323539475062
4.627614085125389
4.605921625027823
4.617070266501523
4.617077533762986
4.596862989400979
4.608643547212126
4.626461062657812
4.596494634504631
4.580250555599943
4.5657678873955145
4.547218844440725
4.525438705151894
4.544899388403903
4.557563763376406
4.5589055076421605
4.582614317512025
4.57786972391672
4.58439190031248
4.57279323820041
4.569719253935839
4.554584124143092
4.582765253865447
4.576479639031392
4.589448201390441
4.598263246478327
4.5912978121414
4.592803713132069
4.579058555657269
4.595909913403246
4.613539619075528
4.64788823926262
4.653931003178539
4.676234706118123
4.678139743835326
4.6824346942948605
4.678721667954671
4.651694187548236
4.622598973999485
4.619536999096684
4.608830808802251
4.587892271460385
4.587275871262014
4.6100405611897735
4.610714593594086
4.588082740652796
4.581940705289347
4.573703070579978
4.5690392529578725
4.55193137277706
4.587392692441169
4.605937529311947
4.639192033401771
4.6243839204640995
4.615410380597496
4.608534588658987
4.617437530076534
4.605373744751473
4.602250143538024
4.598677751984594
4.577544085364109
4.571914071913995
4.582219116427372
4.60805071330959
4.623624159933334
4.647322130324328
4.652082439225332
4.646688412883618
4.646037208469356
4.626825078461429
4.63312379058074
4.604646274994111
4.612659284416947
4.5925331032212355
4.628294806658613
4.608255519500185
4.616569728358902
4.610433929608894
4.639554362742226
4.633095319504075
4.6232882673067115
4.643907363815378
4.640347486953071
4.635676739513808
4.614391151231547
4.615890092382764
4.613927806326017
4.585891015054328
4.5641282262609355
4.58109075743739
4.607326117650906
4.581912166363458
4.62046136389218
4.619234552414948
4.627155848082642
4.598442523165795
4.6227202750718295
4.605716454113813
4.630168222916687
4.6304760603513575
4.661357937705512
4.641275124539444
4.624793258194023
4.622332349586367
4.616656866509904
4.600550188721061
4.623071367271651
4.626444844259026
4.6251553256701685
4.617809854152651
4.603246376750758
4.5732620617388005
4.577886804239677
4.565556517963968
4.576409728048669
4.6040674331244436
4.6354133914009825
4.651689624862806
4.643745456590286
4.6436495515873775
4.627582956801954
4.6305095641048455
4.632204862380863
4.630764853245786
4.597393348683801
4.606750330750333
4.606334055398433
4.600436359668403
4.595552877990832
4.598071177258254
4.590232335487286
4.560378763450363
4.535441468264795
4.552212725548823
4.551578092820416
4.570555537923374
4.5899789299810765
4.598489167972394
4.613145848172438
4.62868980952702
4.613754617601488
4.606354812978472
4.60479953640611
4.569543097396965
4.568658394779025
4.580661084930449
4.598952033413417
4.595250379815058
4.599053335195448
4.5843592192258535
4.552191168394699
4.541004614381977
4.576648828026329
4.57452502833682
4.576987811863764
4.600972313309353
4.588011844619562
4.576431279317122
4.598054182282209
4.619894202443988
4.618501413127783
4.605846895178028
4.589389549132106
4.584182731386654
4.588485665278299
4.571019217924677
4.578500834329432
4.576637086621417
4.5752356618154035
4.58257186668394
4.585348336704402
4.611147541988876
4.606272928313941
4.60580273798835
4.594703651504698
4.592097526223564
4.569759753517347
4.579068857179395
4.584978757223814
4.586349805408601
4.585912815619623
4.5998498733457
4.618789315474923
4.605347626338862
4.615378923098164
4.629132067403696
4.613575306207739
4.585340286749911
4.592089064734004
4.560313309183185
4.549753297456677
4.558437050003656
4.589694437995734
4.5924629468777125
4.602015511129885
4.608965998293573
4.619738208217066
4.6056557356573675
4.6205395108186185
4.618601320248852
4.62702060033674
4.602211214433618
4.587567852021563
4.5767900212030455
4.599115810315536
4.60874474730419
4.633632844321275
4.649296378151628
4.645498553976782
4.639562761298172
4.641269289633739
4.624790143228415
4.631915779075185
4.625202155364503
4.625566151993708
4.620204125209183
4.612994655216209
4.6219602631514
4.646328455299042
4.6359987181541
4.606033835484178
4.6255839017211295
4.623462619390795
4.617396271733147
4.596738507637672
4.624988991054841
4.634852116544373
4.600701583176203
4.592670050549242
4.612703802973728
4.610922222162911
4.602165683919236
4.63098980795301
4.6305176627246265
4.611601526705212
4.595803342530127
4.57896670392465
4.556300648044768
4.5615893742806435
4.5808846859621974
4.602272260755155
4.6265856801748715
4.630640098633082
4.616294782630953
4.620380631020352
4.609301415773297
4.583120936655994
4.574427235192416
4.591199610331891
4.596234600091838
4.606833360080235
4.605848287529943
4.603070579386438
4.598102627865896
4.587452779974454
4.584091600205651
4.611594518426667
4.644770937270352
4.658964494840668
4.648587585274905
4.637409126316602
4.623816364922424
4.626655465693493
4.621893416024226
4.643669774063742
4.64797449700291
4.652151593212165
4.621224797242279
4.591782097099015
4.572701461487156
4.557148331312252
4.548111800069377
4.560866227991779
4.593227028624485
4.61391521920157
4.625457967327877
4.627092274437731
4.612388330117868
4.605532469846608
4.613029509757537
4.620594028533485
4.638672367064893
4.650982772893931
4.628313906130065
4.624624547014001
4.628889252331789
4.595323082179142
4.607120074771405
4.626052446868497
4.590834350633037
4.597113549895821
4.625633802617061
4.6131023960476965
4.603396043600061
4.63759300072052
4.616645683022083
4.586273705464032
4.581044505232285
4.5967295167330295
4.600116602182577
4.601080178072088
4.610385022971886
4.634531565674629
4.641987653072957
4.630374992713579
4.617041585305138
4.611707859466476
4.605961778851755
4.569504658706209
4.550923320921471
4.563359703183318
4.570548324461333
4.575203418520145
4.586830846968471
4.588493280235993
4.59024002502537
4.59032095598703
4.591803187766336
4.594111113477797
4.600725029491969
4.582477378780688
4.588966130700307
4.588973903067211
4.586456369739944
4.5730340618427405
4.5836167514175985
4.579092309820238
4.550171084836618
4.568300440540871
4.602181716271014
