2023-04-06 19:50:33    [0, 0, 0, 1, 0]
2023-04-06 19:50:47    [0, 0, 3, 2, 0]
2023-04-06 19:50:59    [0, 0, 2, 0, 0]
2023-04-06 19:51:10    [0, 0, 3, 1, 0]
2023-04-06 19:51:22    [0, 0, 0, 2, 0]
2023-04-06 19:51:33    [0, 0, 1, 0, 0]
2023-04-06 19:51:45    [0, 0, 2, 0, 0]
2023-04-06 19:51:57    [0, 0, 0, 3, 0]
2023-04-06 19:52:09    [0, 0, 0, 1, 0]
2023-04-06 19:52:20    [0, 1, 3, 1, 0]
2023-04-06 19:52:32    [0, 0, 2, 0, 0]
2023-04-06 19:52:44    [0, 0, 1, 1, 0]
2023-04-06 21:40:23    [0, 0, 0, 1, 0]
2023-04-06 21:40:33    [0, 0, 2, 2, 0]
2023-04-06 21:41:12    [0, 0, 0, 1, 0]
2023-04-06 21:41:25    [0, 0, 3, 2, 0]
2023-04-06 21:41:37    [0, 0, 2, 0, 0]
2023-04-06 21:41:48    [0, 0, 3, 1, 0]
2023-04-06 21:42:00    [0, 0, 0, 2, 0]
2023-04-06 21:42:12    [0, 0, 1, 0, 0]
2023-04-06 21:42:23    [0, 0, 2, 0, 0]
2023-04-06 21:42:35    [0, 0, 0, 3, 0]
2023-04-06 21:42:46    [0, 0, 0, 1, 0]
2023-04-07 14:12:44    [0, 0, 0, 1, 0]
2023-04-07 14:15:00    [0, 0, 0, 1, 0]
2023-04-07 14:15:13    [0, 0, 3, 2, 0]
2023-04-07 14:22:11    [0, 0, 0, 1, 0]
2023-04-07 14:22:49    [0, 0, 0, 1, 0]
2023-04-07 14:23:01    [0, 0, 3, 2, 0]
